9994
9994
9993
9991
9988
9987
9987
9986
9985
9980
9979
9978
9976
9971
9971
9965
9956
9956
9948
9946
9946
9944
9943
9942
9942
9939
9938
9937
9936
9935
9934
9933
9931
9930
9924
9920
9916
9913
9911
9910
9904
9904
9902
9902
9902
9901
9898
9894
9893
9893
9891
9890
9887
9886
9882
9881
9881
9876
9873
9873
9871
9871
9869
9868
9866
9865
9861
9859
9857
9857
9856
9853
9852
9851
9849
9847
9845
9844
9844
9843
9842
9842
9840
9839
9838
9834
9829
9822
9818
9816
9813
9812
9804
9801
9800
9798
9795
9795
9792
9790
9788
9786
9785
9783
9781
9777
9776
9776
9773
9772
9772
9772
9764
9764
9764
9755
9755
9753
9753
9751
9742
9741
9737
9733
9733
9730
9729
9727
9722
9720
9715
9715
9713
9708
9705
9704
9701
9700
9699
9696
9696
9693
9691
9690
9685
9680
9678
9677
9674
9673
9666
9662
9660
9659
9656
9656
9654
9651
9648
9644
9644
9639
9636
9634
9632
9627
9625
9624
9623
9620
9618
9612
9607
9606
9606
9606
9605
9604
9602
9600
9600
9598
9591
9587
9584
9574
9572
9571
9571
9570
9568
9565
9565
9563
9562
9562
9562
9561
9560
9558
9556
9555
9555
9551
9550
9550
9548
9547
9542
9538
9536
9534
9533
9532
9528
9525
9515
9513
9511
9506
9505
9505
9498
9497
9497
9497
9496
9495
9493
9492
9491
9489
9488
9485
9484
9483
9482
9481
9477
9473
9469
9468
9463
9462
9462
9462
9460
9456
9449
9449
9448
9441
9437
9436
9435
9429
9428
9427
9422
9420
9416
9414
9412
9409
9406
9403
9401
9400
9399
9398
9397
9396
9394
9392
9389
9388
9388
9385
9385
9384
9382
9380
9378
9377
9374
9373
9370
9369
9365
9363
9360
9359
9358
9357
9357
9349
9346
9344
9343
9342
9342
9341
9340
9340
9339
9339
9337
9334
9332
9332
9331
9330
9325
9320
9320
9317
9314
9312
9311
9311
9310
9309
9309
9305
9298
9289
9285
9283
9283
9282
9282
9281
9274
9274
9271
9270
9264
9262
9262
9259
9259
9258
9256
9253
9252
9252
9247
9241
9239
9238
9236
9231
9229
9227
9223
9219
9216
9212
9212
9211
9207
9206
9206
9201
9200
9199
9198
9197
9193
9184
9183
9181
9181
9179
9176
9166
9166
9166
9163
9159
9153
9146
9141
9137
9137
9133
9131
9126
9125
9123
9120
9119
9119
9114
9113
9110
9109
9099
9095
9094
9093
9089
9083
9081
9080
9079
9076
9075
9072
9071
9068
9066
9064
9063
9060
9058
9056
9054
9046
9045
9043
9041
9039
9039
9037
9036
9034
9032
9032
9030
9030
9028
9025
9023
9014
9011
9009
9002
9002
8998
8994
8994
8993
8989
8989
8988
8982
8982
8979
8977
8972
8971
8970
8969
8962
8960
8957
8954
8952
8949
8948
8947
8938
8934
8931
8929
8927
8925
8923
8916
8916
8913
8911
8911
8911
8910
8904
8901
8897
8894
8893
8892
8890
8888
8878
8876
8876
8873
8872
8872
8871
8870
8870
8867
8864
8864
8863
8859
8857
8855
8851
8849
8843
8843
8841
8837
8835
8834
8834
8833
8833
8832
8831
8829
8829
8827
8826
8822
8820
8818
8817
8816
8816
8815
8814
8813
8805
8805
8803
8801
8800
8799
8798
8798
8797
8795
8794
8792
8792
8791
8791
8788
8788
8784
8783
8780
8776
8775
8772
8771
8771
8768
8766
8763
8760
8759
8759
8757
8754
8753
8753
8752
8751
8751
8750
8750
8750
8739
8738
8738
8733
8728
8728
8724
8719
8717
8713
8713
8711
8710
8705
8700
8696
8695
8693
8693
8691
8691
8685
8684
8683
8680
8678
8675
8669
8665
8662
8658
8657
8657
8655
8654
8649
8648
8647
8644
8644
8638
8638
8628
8628
8628
8624
8622
8622
8618
8616
8610
8610
8607
8606
8605
8604
8601
8599
8596
8589
8587
8583
8582
8579
8573
8572
8570
8569
8567
8567
8564
8563
8561
8557
8556
8556
8553
8547
8544
8541
8539
8538
8528
8523
8520
8519
8516
8514
8512
8511
8508
8506
8504
8494
8494
8493
8492
8492
8489
8489
8482
8481
8480
8480
8479
8475
8473
8471
8471
8463
8459
8455
8455
8453
8451
8451
8444
8441
8440
8439
8436
8434
8432
8432
8429
8428
8426
8425
8425
8423
8422
8421
8419
8417
8416
8415
8412
8411
8411
8408
8408
8405
8402
8402
8396
8395
8394
8394
8391
8391
8391
8387
8386
8382
8378
8378
8371
8369
8369
8366
8362
8362
8361
8361
8360
8359
8358
8357
8355
8355
8352
8351
8344
8343
8341
8337
8336
8335
8332
8331
8330
8330
8329
8328
8326
8325
8322
8321
8315
8313
8307
8301
8296
8291
8287
8287
8285
8276
8274
8273
8271
8270
8270
8268
8268
8267
8267
8264
8256
8255
8249
8249
8246
8243
8241
8241
8237
8237
8236
8232
8227
8223
8218
8218
8217
8217
8217
8215
8211
8205
8201
8200
8200
8199
8198
8194
8193
8182
8179
8178
8175
8174
8172
8172
8171
8169
8166
8163
8163
8162
8161
8160
8159
8157
8157
8155
8152
8149
8146
8142
8140
8140
8139
8135
8133
8130
8130
8128
8128
8127
8126
8125
8123
8122
8120
8119
8114
8114
8111
8111
8110
8109
8106
8105
8100
8099
8098
8094
8093
8092
8082
8082
8081
8078
8077
8076
8076
8075
8073
8073
8072
8070
8066
8063
8063
8062
8059
8058
8056
8055
8053
8050
8049
8048
8043
8037
8035
8034
8033
8030
8029
8028
8027
8026
8024
8022
8022
8022
8021
8019
8013
8009
8007
8007
8006
8004
8002
8001
7996
7990
7989
7988
7985
7982
7981
7980
7978
7978
7977
7976
7976
7974
7973
7970
7968
7965
7963
7962
7961
7958
7958
7956
7953
7951
7947
7943
7943
7937
7927
7926
7926
7924
7924
7921
7919
7918
7917
7916
7910
7910
7906
7902
7901
7901
7900
7900
7896
7895
7892
7891
7891
7888
7888
7887
7887
7887
7885
7883
7874
7869
7866
7862
7861
7861
7858
7858
7857
7855
7855
7854
7848
7848
7847
7846
7845
7844
7842
7842
7838
7836
7836
7830
7830
7829
7829
7826
7825
7824
7822
7820
7813
7809
7808
7806
7805
7801
7800
7793
7790
7789
7789
7786
7781
7777
7775
7775
7772
7772
7769
7767
7765
7762
7758
7758
7757
7752
7751
7741
7741
7737
7731
7730
7726
7725
7725
7725
7718
7717
7715
7714
7714
7709
7705
7704
7703
7700
7695
7693
7689
7687
7686
7686
7684
7684
7680
7679
7678
7674
7673
7670
7666
7664
7660
7656
7654
7653
7653
7647
7647
7646
7646
7645
7644
7643
7641
7639
7638
7637
7636
7633
7632
7625
7625
7625
7624
7620
7618
7614
7614
7612
7608
7604
7603
7597
7589
7579
7578
7575
7572
7572
7571
7568
7565
7565
7563
7559
7558
7558
7556
7553
7550
7550
7543
7542
7536
7536
7533
7531
7530
7529
7527
7526
7522
7519
7519
7515
7512
7510
7505
7497
7491
7488
7486
7486
7484
7478
7474
7472
7471
7471
7468
7467
7467
7460
7459
7457
7456
7454
7450
7450
7448
7447
7445
7442
7437
7436
7436
7430
7430
7428
7428
7427
7421
7421
7414
7412
7409
7401
7398
7395
7394
7394
7393
7392
7387
7381
7376
7374
7372
7371
7370
7369
7360
7359
7350
7348
7346
7342
7339
7336
7336
7335
7333
7331
7329
7319
7318
7315
7314
7313
7308
7306
7302
7302
7298
7298
7297
7296
7295
7290
7288
7286
7286
7284
7281
7278
7275
7274
7270
7270
7265
7259
7255
7255
7252
7250
7245
7244
7236
7232
7231
7229
7229
7227
7226
7225
7222
7222
7219
7219
7215
7212
7210
7208
7205
7204
7204
7200
7200
7198
7198
7196
7195
7194
7193
7190
7189
7189
7181
7181
7179
7178
7176
7170
7166
7166
7166
7165
7163
7163
7161
7159
7157
7157
7156
7153
7151
7149
7144
7142
7139
7134
7134
7131
7126
7123
7114
7113
7107
7107
7106
7104
7102
7102
7100
7097
7096
7095
7094
7094
7091
7091
7090
7089
7088
7086
7086
7086
7084
7084
7079
7077
7075
7070
7070
7061
7059
7059
7057
7055
7053
7053
7052
7052
7051
7050
7047
7044
7041
7041
7036
7032
7027
7026
7025
7025
7024
7014
7006
7006
7004
7002
7000
6998
6996
6996
6994
6994
6993
6991
6984
6983
6982
6982
6977
6975
6970
6970
6970
6967
6963
6962
6961
6959
6959
6957
6954
6945
6943
6939
6933
6930
6929
6927
6923
6921
6921
6920
6920
6917
6913
6908
6907
6907
6906
6902
6900
6898
6894
6892
6888
6886
6885
6884
6883
6883
6878
6878
6876
6873
6872
6871
6869
6868
6864
6860
6859
6858
6847
6843
6838
6833
6832
6831
6828
6828
6825
6822
6821
6820
6815
6811
6810
6808
6807
6807
6807
6806
6806
6804
6803
6796
6796
6796
6794
6794
6794
6793
6790
6788
6784
6781
6776
6776
6774
6774
6772
6772
6771
6771
6770
6763
6756
6756
6755
6748
6745
6738
6737
6734
6727
6727
6726
6725
6721
6721
6717
6717
6715
6705
6703
6700
6689
6688
6688
6679
6678
6675
6672
6670
6667
6663
6661
6660
6659
6652
6652
6648
6642
6637
6637
6635
6635
6634
6633
6632
6631
6627
6622
6622
6618
6617
6617
6613
6608
6608
6607
6607
6606
6598
6598
6595
6593
6593
6590
6589
6589
6588
6587
6587
6586
6586
6585
6583
6582
6575
6574
6572
6571
6568
6568
6566
6566
6564
6563
6562
6562
6562
6560
6557
6557
6555
6554
6551
6549
6544
6543
6540
6540
6539
6535
6534
6530
6526
6516
6516
6515
6515
6515
6512
6510
6507
6506
6505
6503
6501
6497
6496
6495
6493
6493
6493
6492
6488
6488
6484
6476
6471
6470
6466
6464
6464
6462
6462
6455
6455
6452
6451
6449
6448
6448
6443
6442
6442
6440
6440
6437
6437
6436
6436
6436
6435
6428
6425
6423
6416
6412
6411
6411
6410
6408
6407
6405
6404
6404
6402
6401
6398
6396
6395
6395
6392
6392
6392
6390
6390
6389
6385
6382
6378
6370
6369
6368
6368
6366
6366
6362
6361
6359
6359
6358
6357
6352
6345
6341
6340
6337
6336
6331
6326
6322
6321
6314
6312
6310
6309
6305
6301
6298
6296
6293
6292
6292
6291
6290
6290
6289
6288
6280
6277
6276
6274
6273
6267
6264
6261
6255
6253
6250
6247
6244
6243
6243
6242
6242
6241
6238
6238
6235
6234
6234
6232
6232
6229
6226
6224
6224
6224
6219
6218
6215
6215
6212
6211
6207
6206
6206
6202
6201
6198
6197
6196
6192
6191
6191
6191
6188
6187
6185
6184
6183
6182
6180
6173
6172
6170
6166
6163
6163
6162
6161
6157
6157
6153
6153
6150
6149
6148
6146
6146
6145
6145
6145
6143
6141
6141
6138
6136
6135
6134
6134
6128
6127
6126
6126
6125
6123
6123
6122
6121
6120
6120
6113
6111
6108
6105
6103
6102
6099
6098
6094
6087
6086
6086
6081
6079
6079
6074
6074
6072
6072
6064
6064
6063
6063
6056
6055
6044
6042
6042
6041
6034
6031
6031
6031
6029
6025
6023
6022
6021
6021
6017
6015
6015
6014
6009
6006
6004
6002
5993
5987
5985
5985
5984
5976
5973
5973
5971
5970
5968
5963
5961
5960
5959
5955
5953
5951
5950
5944
5941
5940
5937
5936
5933
5933
5933
5926
5925
5922
5918
5918
5917
5916
5915
5912
5911
5910
5910
5907
5902
5901
5899
5898
5898
5890
5890
5884
5884
5882
5882
5879
5879
5879
5871
5870
5865
5865
5862
5861
5860
5858
5855
5852
5849
5849
5845
5840
5829
5827
5826
5825
5823
5809
5808
5806
5804
5803
5800
5799
5799
5799
5796
5792
5792
5790
5790
5790
5790
5789
5788
5788
5786
5785
5784
5783
5782
5779
5777
5776
5775
5773
5773
5770
5769
5769
5768
5767
5766
5764
5764
5763
5763
5761
5761
5761
5759
5752
5751
5750
5749
5747
5746
5745
5744
5744
5742
5739
5738
5731
5729
5728
5726
5726
5725
5722
5721
5719
5718
5715
5715
5715
5710
5709
5706
5706
5700
5695
5695
5694
5690
5687
5686
5675
5675
5675
5670
5667
5665
5663
5659
5658
5657
5657
5657
5656
5655
5654
5650
5648
5648
5647
5645
5641
5639
5628
5623
5621
5616
5608
5601
5600
5599
5598
5598
5594
5593
5584
5584
5582
5577
5576
5558
5552
5551
5550
5545
5545
5544
5542
5541
5541
5537
5535
5527
5521
5520
5514
5510
5495
5492
5490
5490
5487
5486
5482
5481
5480
5478
5474
5467
5464
5463
5463
5461
5460
5459
5456
5455
5453
5453
5448
5447
5447
5445
5442
5441
5441
5439
5437
5437
5435
5435
5431
5430
5429
5426
5426
5424
5423
5419
5418
5415
5411
5410
5408
5407
5406
5404
5400
5398
5397
5397
5394
5391
5390
5389
5389
5386
5386
5382
5379
5377
5377
5376
5376
5375
5372
5367
5363
5360
5354
5350
5349
5342
5341
5339
5339
5337
5336
5329
5328
5325
5325
5321
5319
5318
5313
5311
5308
5307
5304
5303
5303
5301
5297
5295
5294
5294
5293
5292
5290
5284
5280
5273
5270
5270
5265
5263
5261
5259
5257
5255
5254
5250
5249
5248
5248
5247
5243
5241
5241
5239
5238
5237
5234
5234
5233
5232
5230
5230
5228
5227
5224
5223
5220
5219
5216
5215
5215
5212
5210
5208
5208
5205
5205
5204
5202
5201
5201
5200
5198
5197
5195
5195
5194
5192
5191
5191
5191
5189
5187
5185
5185
5183
5180
5177
5177
5174
5173
5173
5172
5169
5158
5151
5150
5147
5144
5139
5136
5135
5134
5131
5127
5124
5121
5108
5107
5107
5107
5107
5104
5103
5103
5100
5098
5096
5094
5088
5087
5085
5085
5083
5082
5078
5075
5072
5066
5065
5064
5064
5062
5061
5054
5052
5047
5043
5040
5040
5039
5038
5037
5032
5028
5028
5027
5023
5023
5021
5021
5017
5013
5012
5011
5008
5007
5007
5006
5005
5004
5004
5004
5003
5001
5000
4997
4997
4994
4987
4987
4986
4983
4982
4981
4979
4976
4975
4974
4972
4972
4970
4967
4966
4966
4965
4964
4963
4960
4960
4958
4954
4951
4950
4942
4941
4940
4939
4936
4936
4935
4935
4932
4929
4926
4926
4924
4924
4922
4920
4919
4919
4918
4917
4917
4915
4913
4913
4913
4909
4906
4904
4903
4902
4901
4899
4898
4897
4895
4893
4892
4892
4887
4883
4881
4877
4876
4875
4874
4873
4871
4870
4867
4866
4865
4862
4860
4860
4857
4854
4853
4850
4848
4847
4846
4845
4843
4837
4837
4834
4834
4833
4833
4830
4830
4830
4829
4828
4827
4827
4826
4824
4821
4820
4820
4818
4815
4815
4814
4814
4813
4810
4809
4805
4798
4794
4794
4787
4787
4786
4780
4779
4773
4771
4764
4764
4762
4762
4760
4760
4759
4747
4747
4744
4740
4730
4725
4725
4714
4712
4711
4708
4703
4700
4699
4699
4699
4698
4698
4697
4696
4694
4690
4690
4689
4689
4686
4685
4680
4673
4671
4668
4666
4664
4663
4663
4657
4655
4647
4647
4645
4645
4643
4641
4637
4633
4629
4624
4623
4616
4613
4605
4605
4604
4603
4603
4602
4600
4599
4596
4589
4589
4589
4587
4586
4586
4585
4584
4580
4579
4579
4571
4570
4568
4563
4560
4559
4556
4556
4553
4553
4551
4550
4549
4547
4541
4541
4537
4536
4528
4523
4518
4518
4517
4517
4517
4516
4512
4511
4509
4509
4508
4506
4506
4506
4505
4504
4499
4498
4498
4497
4496
4492
4491
4489
4478
4476
4476
4475
4475
4474
4473
4470
4469
4469
4459
4457
4455
4452
4450
4449
4448
4448
4446
4444
4444
4444
4444
4442
4437
4437
4434
4432
4428
4426
4421
4419
4418
4417
4417
4416
4413
4406
4402
4401
4394
4393
4389
4389
4386
4380
4377
4376
4375
4375
4372
4367
4366
4363
4363
4359
4358
4354
4354
4352
4345
4341
4340
4339
4336
4332
4329
4328
4328
4322
4322
4312
4312
4311
4309
4302
4302
4300
4298
4297
4295
4295
4289
4288
4284
4282
4280
4277
4275
4275
4271
4269
4268
4267
4264
4262
4259
4256
4250
4250
4249
4249
4249
4246
4245
4245
4243
4240
4239
4238
4235
4234
4231
4231
4223
4221
4218
4218
4217
4217
4216
4213
4212
4211
4209
4206
4201
4199
4198
4192
4190
4189
4189
4186
4186
4183
4180
4179
4177
4176
4171
4167
4163
4159
4157
4156
4155
4154
4149
4145
4143
4142
4138
4135
4133
4132
4127
4127
4121
4117
4116
4115
4113
4112
4108
4108
4107
4103
4100
4096
4096
4094
4092
4092
4092
4092
4091
4088
4085
4084
4082
4081
4078
4072
4071
4067
4067
4066
4064
4060
4049
4047
4046
4034
4027
4026
4025
4024
4021
4020
4020
4019
4018
4013
4011
4010
4009
4008
4007
4007
4006
4006
4005
4004
4003
4001
3994
3991
3990
3988
3986
3984
3984
3984
3981
3981
3977
3975
3974
3973
3966
3966
3965
3964
3963
3962
3959
3958
3953
3952
3951
3951
3947
3947
3941
3933
3931
3930
3929
3918
3914
3914
3911
3905
3905
3902
3901
3894
3890
3889
3889
3888
3880
3879
3877
3876
3876
3875
3873
3873
3872
3871
3869
3866
3862
3862
3861
3860
3854
3851
3846
3845
3843
3840
3838
3836
3834
3832
3832
3831
3831
3829
3829
3828
3826
3826
3822
3820
3809
3808
3803
3800
3799
3799
3794
3792
3782
3774
3773
3769
3765
3761
3754
3748
3748
3748
3747
3746
3746
3745
3743
3740
3739
3736
3735
3729
3729
3725
3725
3725
3721
3718
3713
3713
3710
3710
3707
3704
3703
3702
3702
3700
3698
3694
3694
3693
3693
3692
3691
3686
3681
3681
3675
3673
3672
3672
3669
3666
3664
3662
3660
3658
3657
3656
3653
3653
3648
3646
3645
3642
3641
3638
3637
3636
3635
3635
3631
3624
3620
3620
3620
3618
3609
3609
3607
3606
3598
3598
3596
3596
3590
3590
3587
3585
3579
3579
3572
3571
3569
3568
3568
3566
3565
3565
3560
3556
3553
3551
3547
3542
3540
3539
3536
3534
3530
3530
3530
3528
3527
3525
3523
3523
3521
3520
3518
3516
3515
3511
3511
3511
3510
3510
3505
3501
3499
3495
3493
3485
3475
3474
3470
3470
3464
3463
3460
3459
3457
3456
3455
3452
3450
3449
3444
3439
3438
3434
3432
3426
3426
3422
3422
3419
3418
3415
3415
3415
3415
3412
3411
3411
3408
3405
3404
3401
3401
3400
3399
3395
3395
3393
3392
3391
3391
3388
3387
3387
3386
3385
3385
3383
3381
3380
3379
3378
3376
3374
3371
3370
3367
3364
3356
3355
3353
3351
3351
3350
3337
3337
3334
3334
3334
3333
3332
3331
3327
3325
3320
3320
3319
3317
3315
3315
3314
3313
3313
3309
3308
3305
3298
3295
3293
3292
3291
3290
3290
3290
3290
3288
3286
3281
3278
3277
3272
3270
3266
3265
3265
3263
3260
3259
3258
3256
3255
3254
3253
3252
3249
3242
3238
3233
3231
3230
3229
3224
3223
3220
3219
3219
3217
3213
3210
3209
3205
3204
3201
3201
3200
3200
3199
3198
3198
3196
3195
3194
3192
3190
3187
3185
3184
3181
3181
3179
3177
3173
3173
3172
3170
3169
3165
3164
3164
3164
3163
3161
3161
3159
3159
3158
3158
3157
3155
3150
3148
3143
3138
3136
3136
3132
3132
3131
3130
3128
3123
3121
3119
3118
3118
3117
3115
3113
3113
3112
3103
3101
3100
3100
3099
3097
3097
3096
3094
3090
3087
3087
3085
3082
3082
3081
3078
3074
3074
3074
3069
3067
3065
3064
3063
3063
3061
3061
3056
3055
3046
3045
3042
3041
3038
3036
3036
3033
3033
3029
3028
3028
3027
3025
3022
3015
3015
3013
3010
3009
3008
3005
2999
2998
2998
2991
2991
2990
2983
2980
2980
2978
2978
2976
2976
2972
2971
2971
2970
2970
2968
2961
2958
2956
2955
2954
2952
2951
2950
2947
2947
2944
2941
2938
2936
2936
2933
2932
2931
2930
2930
2929
2925
2924
2923
2922
2921
2911
2908
2907
2907
2905
2901
2891
2890
2887
2882
2880
2878
2874
2872
2871
2866
2863
2859
2858
2856
2853
2853
2853
2851
2850
2847
2844
2844
2840
2839
2839
2834
2833
2832
2832
2831
2831
2831
2830
2818
2816
2815
2813
2812
2811
2809
2806
2804
2803
2802
2802
2802
2799
2798
2798
2797
2794
2793
2791
2790
2784
2778
2776
2774
2774
2769
2769
2767
2764
2764
2764
2762
2762
2761
2760
2758
2757
2757
2752
2751
2750
2748
2745
2744
2742
2742
2742
2741
2741
2740
2739
2738
2738
2735
2733
2733
2732
2723
2722
2722
2717
2706
2705
2705
2704
2701
2699
2698
2697
2696
2695
2695
2694
2691
2689
2687
2685
2685
2685
2684
2683
2683
2682
2680
2680
2676
2676
2676
2675
2672
2671
2669
2669
2667
2665
2665
2665
2664
2663
2655
2654
2654
2653
2650
2648
2646
2642
2641
2640
2639
2637
2635
2632
2632
2632
2631
2631
2630
2630
2628
2628
2623
2623
2616
2613
2612
2611
2609
2609
2607
2604
2603
2602
2602
2601
2601
2601
2600
2597
2597
2595
2593
2593
2593
2589
2588
2588
2587
2587
2581
2581
2579
2579
2578
2575
2573
2570
2570
2569
2567
2564
2563
2560
2555
2553
2549
2549
2547
2546
2541
2541
2541
2539
2538
2538
2536
2535
2532
2528
2526
2523
2523
2519
2517
2513
2511
2511
2510
2509
2507
2506
2504
2504
2504
2502
2502
2498
2497
2496
2495
2494
2493
2493
2492
2492
2488
2486
2485
2484
2483
2482
2479
2478
2477
2472
2468
2465
2465
2462
2461
2461
2461
2460
2460
2459
2459
2459
2459
2458
2456
2454
2453
2452
2452
2451
2446
2444
2441
2434
2433
2431
2431
2427
2426
2423
2421
2419
2418
2417
2412
2410
2406
2406
2406
2405
2405
2403
2403
2401
2398
2398
2395
2395
2392
2392
2391
2389
2385
2383
2383
2379
2379
2378
2375
2375
2373
2368
2367
2367
2365
2364
2361
2360
2359
2358
2352
2351
2350
2346
2345
2339
2338
2338
2334
2333
2332
2332
2331
2328
2327
2326
2325
2320
2314
2314
2314
2312
2312
2312
2312
2311
2307
2307
2307
2303
2301
2299
2295
2292
2292
2291
2288
2287
2285
2284
2284
2283
2283
2283
2281
2281
2280
2280
2277
2276
2275
2269
2268
2267
2266
2264
2263
2260
2258
2256
2256
2254
2253
2253
2252
2250
2249
2248
2244
2242
2240
2239
2238
2237
2237
2237
2236
2235
2234
2232
2230
2227
2222
2220
2217
2217
2216
2216
2215
2214
2212
2211
2209
2200
2198
2198
2196
2195
2194
2193
2191
2183
2181
2178
2177
2176
2166
2166
2158
2157
2156
2154
2153
2152
2152
2152
2147
2145
2145
2143
2140
2140
2139
2139
2139
2139
2136
2133
2131
2130
2129
2128
2128
2125
2124
2124
2120
2116
2114
2110
2108
2108
2106
2106
2104
2103
2100
2100
2096
2092
2091
2090
2086
2085
2084
2082
2082
2082
2081
2080
2080
2078
2078
2077
2075
2072
2072
2065
2065
2064
2064
2063
2061
2060
2060
2059
2058
2057
2055
2054
2053
2052
2051
2050
2048
2046
2045
2045
2044
2043
2042
2040
2038
2037
2036
2036
2034
2034
2034
2027
2025
2017
2016
2014
2013
2012
2012
2011
2011
2009
2009
2008
2007
2006
2005
2002
2002
2002
2001
1998
1997
1995
1994
1993
1993
1993
1990
1988
1987
1983
1983
1982
1981
1981
1977
1974
1970
1970
1968
1967
1963
1960
1960
1960
1959
1958
1955
1953
1951
1950
1949
1948
1948
1947
1945
1945
1944
1944
1941
1938
1938
1938
1937
1937
1936
1926
1926
1926
1925
1924
1922
1918
1916
1914
1912
1907
1907
1907
1906
1903
1903
1902
1902
1902
1901
1901
1900
1898
1897
1896
1896
1892
1888
1888
1887
1880
1878
1876
1876
1876
1875
1874
1873
1873
1873
1872
1872
1871
1871
1870
1869
1866
1863
1863
1861
1861
1857
1854
1853
1850
1850
1850
1849
1848
1845
1844
1843
1842
1839
1838
1835
1834
1830
1829
1820
1819
1818
1817
1816
1813
1810
1806
1799
1798
1798
1794
1794
1793
1793
1793
1792
1788
1786
1786
1785
1785
1783
1781
1781
1781
1780
1779
1779
1776
1775
1774
1772
1766
1765
1764
1764
1763
1762
1762
1760
1759
1754
1751
1751
1750
1748
1748
1747
1745
1742
1742
1741
1740
1739
1737
1737
1733
1731
1730
1729
1728
1726
1723
1718
1716
1716
1715
1715
1714
1714
1714
1710
1710
1710
1709
1707
1705
1698
1697
1695
1694
1694
1693
1693
1693
1689
1688
1685
1683
1677
1670
1669
1669
1668
1667
1665
1664
1663
1661
1660
1659
1657
1656
1656
1654
1650
1650
1648
1648
1648
1646
1646
1643
1642
1642
1639
1639
1638
1634
1632
1632
1631
1630
1630
1630
1629
1629
1627
1626
1619
1617
1612
1611
1610
1608
1606
1606
1604
1600
1597
1596
1592
1590
1589
1588
1588
1587
1587
1587
1587
1585
1584
1583
1581
1580
1576
1576
1575
1575
1574
1574
1572
1571
1569
1569
1568
1560
1559
1557
1556
1551
1549
1548
1546
1546
1544
1537
1534
1533
1529
1528
1527
1527
1524
1523
1522
1519
1519
1516
1515
1515
1514
1513
1513
1507
1504
1500
1497
1497
1496
1493
1490
1487
1487
1487
1486
1483
1483
1473
1473
1472
1472
1468
1468
1467
1466
1464
1460
1460
1458
1456
1455
1453
1452
1451
1451
1448
1448
1446
1442
1437
1436
1428
1426
1425
1424
1423
1422
1422
1419
1419
1419
1417
1417
1413
1413
1407
1406
1404
1403
1402
1401
1399
1399
1398
1398
1398
1398
1397
1396
1396
1393
1392
1390
1388
1386
1385
1383
1382
1381
1381
1381
1379
1376
1373
1373
1371
1369
1367
1366
1365
1363
1362
1361
1359
1356
1354
1354
1354
1354
1354
1353
1352
1351
1351
1350
1350
1348
1347
1345
1345
1345
1343
1343
1343
1341
1340
1339
1339
1338
1337
1337
1337
1334
1332
1331
1331
1330
1325
1324
1323
1322
1322
1320
1318
1316
1316
1316
1316
1315
1311
1308
1308
1308
1307
1307
1307
1306
1300
1298
1292
1292
1291
1290
1290
1288
1284
1282
1280
1279
1279
1269
1268
1264
1264
1263
1260
1254
1253
1249
1248
1248
1244
1240
1240
1239
1237
1236
1235
1233
1230
1229
1226
1222
1221
1221
1218
1217
1216
1216
1214
1210
1208
1206
1206
1204
1203
1203
1203
1202
1202
1202
1199
1198
1196
1195
1193
1193
1193
1189
1186
1186
1184
1181
1180
1179
1178
1176
1176
1176
1176
1176
1173
1172
1170
1168
1168
1168
1167
1165
1164
1163
1161
1159
1157
1152
1150
1149
1144
1143
1138
1137
1136
1136
1132
1132
1131
1131
1128
1128
1127
1120
1119
1118
1118
1116
1115
1115
1114
1114
1110
1107
1105
1094
1094
1092
1090
1088
1086
1086
1085
1084
1084
1079
1075
1075
1075
1072
1072
1069
1069
1064
1062
1061
1060
1060
1059
1059
1055
1052
1052
1050
1050
1049
1049
1047
1042
1041
1041
1040
1040
1038
1037
1034
1034
1034
1034
1032
1029
1029
1028
1027
1026
1024
1021
1019
1016
1016
1015
1011
1007
1006
1004
1004
1000
994
992
990
990
986
982
980
979
976
974
974
972
972
972
969
968
966
965
963
960
959
959
958
956
954
954
952
951
950
946
946
944
944
941
938
938
938
935
933
930
928
928
927
926
926
923
922
916
916
915
914
913
910
910
908
906
905
902
901
899
894
893
890
890
889
887
886
880
873
872
870
865
863
863
859
852
849
847
842
841
841
838
828
827
822
821
821
819
818
815
815
813
813
812
808
807
805
804
798
797
791
790
789
788
779
779
778
771
770
770
770
768
763
762
761
759
758
757
757
753
753
752
751
750
749
747
745
737
737
735
733
733
729
727
723
723
722
721
718
716
713
713
711
710
707
703
693
692
687
687
686
685
683
683
681
678
675
675
671
671
667
664
664
663
660
660
660
658
656
654
648
646
641
641
635
631
630
626
625
623
623
623
622
618
618
615
614
611
611
609
607
603
601
600
599
598
597
595
592
589
589
586
585
585
583
581
581
574
574
573
572
572
571
569
569
568
568
565
563
563
555
550
550
548
546
545
544
544
543
542
537
536
533
532
531
530
530
528
526
524
523
523
522
519
518
518
518
517
516
515
515
514
513
512
512
512
509
508
508
501
500
499
499
499
498
494
494
494
493
492
492
492
491
486
480
480
477
477
474
474
470
468
467
465
464
461
460
459
456
455
453
450
449
447
444
443
441
440
440
439
439
436
435
433
432
432
431
431
430
429
426
425
424
423
423
421
420
416
415
414
414
413
410
408
407
406
398
398
389
389
388
388
383
382
381
375
375
373
372
371
369
367
367
365
363
363
363
361
359
357
357
355
355
352
351
347
347
346
346
339
338
338
336
335
335
334
334
330
330
328
327
326
322
321
321
318
317
317
315
315
314
312
311
310
309
306
305
301
298
298
297
297
296
296
293
292
292
289
287
283
278
276
276
274
274
272
272
271
270
267
267
266
265
262
262
262
261
260
259
255
255
253
247
246
245
243
243
242
242
241
240
238
236
230
227
227
227
226
221
221
220
219
219
218
213
207
207
207
207
202
198
191
189
188
187
186
186
184
184
181
180
180
177
177
173
172
171
171
171
168
161
161
159
158
157
157
157
157
156
155
154
154
151
150
147
144
144
144
142
138
136
135
135
133
132
130
123
120
119
119
118
117
115
115
113
113
113
113
112
111
110
110
103
101
101
101
101
96
96
95
94
93
93
91
90
90
89
83
82
79
79
78
76
75
75
74
72
70
64
63
61
53
50
47
46
44
44
44
44
43
43
43
40
40
40
38
37
37
37
36
34
33
33
32
32
32
30
27
21
21
17
16
15
15
14
13
13
12
10
10
8
6
4
1
0
0
