0
4
9
10
10
12
16
20
24
27
27
29
30
30
32
36
37
39
40
42
43
43
44
44
45
45
45
46
46
46
49
56
58
59
63
63
63
64
64
64
68
71
71
72
73
74
74
74
75
76
77
79
81
83
86
87
88
89
90
90
90
92
93
94
95
97
97
100
100
101
102
107
108
108
109
113
113
114
115
117
118
122
122
122
125
126
126
126
126
127
128
129
130
132
134
136
141
142
146
149
151
151
153
161
163
163
164
166
168
169
169
172
173
176
177
183
184
185
186
187
187
189
189
190
192
192
198
198
198
198
199
204
208
209
212
213
213
213
217
218
219
223
223
223
224
225
227
228
229
230
233
236
237
237
241
241
242
243
244
244
250
254
254
256
262
264
265
267
267
267
270
272
272
273
277
279
282
283
284
287
289
291
293
294
297
301
303
305
310
315
315
315
316
317
322
323
324
324
325
325
325
325
328
329
330
330
331
331
334
334
335
337
339
340
341
343
344
344
346
349
349
355
357
360
362
363
364
368
370
373
373
374
375
375
375
378
381
388
388
389
390
393
396
403
404
405
406
406
406
407
407
410
411
411
413
413
416
417
418
426
429
431
432
433
434
435
436
436
436
438
440
440
442
443
446
446
447
450
453
457
457
457
458
458
460
462
465
465
466
471
471
473
476
479
479
483
483
484
485
488
494
494
495
498
504
505
505
506
509
510
512
514
514
517
520
523
524
525
528
531
532
532
534
535
538
540
542
545
548
551
551
552
556
559
560
562
562
565
568
569
573
574
574
575
576
578
578
578
582
583
584
584
584
587
589
589
590
592
594
594
595
596
597
597
598
598
599
599
600
601
602
604
605
606
606
609
612
612
613
614
618
619
620
620
625
626
628
633
633
634
634
636
636
636
641
643
643
643
644
644
645
646
646
651
651
657
657
658
660
660
661
664
665
665
666
667
669
669
670
673
675
677
677
680
682
682
683
683
688
692
702
706
708
708
709
718
723
724
725
727
732
733
733
733
742
744
750
752
753
755
757
758
758
760
760
761
763
763
764
766
766
766
767
769
769
770
770
770
771
772
772
774
776
779
780
782
782
784
785
785
786
787
787
793
794
794
796
797
800
802
803
804
805
805
807
807
807
808
808
815
815
818
819
819
819
822
825
825
826
827
833
837
837
838
840
840
843
844
845
847
847
852
852
852
857
861
862
863
864
864
865
866
870
870
871
872
874
874
877
878
878
883
883
891
892
892
893
896
897
897
898
899
901
902
902
903
905
906
908
910
911
919
919
920
922
925
927
930
933
938
938
939
942
943
944
944
945
948
950
950
952
953
955
956
956
956
956
959
964
967
968
971
972
973
978
986
989
990
991
991
991
992
996
999
1000
1000
1000
1001
1004
1006
1006
1012
1013
1014
1016
1017
1017
1018
1019
1025
1026
1027
1028
1030
1032
1034
1035
1035
1040
1045
1046
1047
1050
1050
1052
1052
1055
1056
1061
1062
1066
1066
1067
1068
1070
1073
1083
1083
1085
1087
1093
1094
1094
1096
1096
1096
1097
1101
1102
1104
1105
1106
1107
1107
1109
1110
1110
1112
1115
1115
1118
1123
1124
1126
1128
1130
1131
1132
1134
1135
1138
1139
1139
1140
1141
1148
1148
1148
1148
1151
1152
1153
1153
1155
1156
1156
1158
1159
1162
1163
1163
1164
1171
1175
1184
1184
1188
1193
1199
1199
1201
1204
1204
1206
1208
1212
1213
1213
1214
1214
1217
1220
1224
1225
1225
1225
1227
1227
1229
1231
1231
1232
1233
1233
1233
1233
1234
1235
1242
1244
1245
1248
1250
1251
1253
1254
1255
1257
1257
1260
1260
1263
1264
1266
1268
1270
1270
1275
1276
1277
1278
1279
1279
1279
1280
1282
1282
1284
1285
1285
1290
1296
1296
1306
1310
1311
1311
1314
1314
1315
1316
1317
1320
1321
1322
1322
1322
1323
1323
1324
1327
1328
1330
1331
1331
1335
1335
1335
1336
1336
1340
1342
1342
1343
1343
1343
1345
1346
1346
1347
1348
1349
1349
1350
1350
1355
1360
1361
1363
1363
1367
1370
1378
1379
1381
1383
1383
1385
1386
1391
1392
1392
1397
1399
1400
1401
1402
1403
1403
1408
1410
1411
1418
1420
1424
1424
1425
1429
1430
1432
1432
1433
1434
1436
1438
1439
1440
1443
1444
1445
1445
1445
1447
1449
1452
1458
1458
1459
1459
1462
1464
1467
1469
1469
1469
1470
1472
1474
1474
1477
1478
1478
1479
1479
1480
1481
1487
1488
1489
1489
1492
1492
1495
1495
1498
1503
1504
1506
1506
1507
1509
1510
1511
1511
1512
1515
1518
1519
1521
1522
1525
1525
1527
1529
1530
1535
1538
1540
1543
1543
1544
1544
1545
1546
1549
1553
1554
1556
1559
1562
1562
1566
1572
1574
1578
1578
1579
1579
1580
1581
1586
1588
1589
1589
1589
1590
1590
1591
1591
1592
1592
1593
1593
1594
1594
1595
1597
1602
1603
1606
1606
1607
1609
1613
1614
1614
1614
1624
1628
1629
1632
1632
1634
1639
1639
1640
1641
1643
1645
1646
1647
1647
1648
1653
1656
1657
1657
1661
1662
1662
1663
1666
1667
1668
1668
1672
1673
1674
1676
1677
1678
1678
1679
1682
1685
1686
1688
1689
1689
1689
1692
1696
1697
1697
1697
1705
1707
1707
1708
1709
1714
1714
1715
1715
1716
1717
1718
1718
1719
1721
1722
1722
1723
1725
1728
1728
1729
1732
1732
1733
1733
1734
1734
1736
1741
1743
1743
1744
1745
1745
1748
1751
1753
1753
1757
1758
1758
1760
1761
1762
1763
1764
1765
1766
1768
1768
1769
1770
1772
1774
1774
1775
1780
1782
1782
1783
1784
1787
1787
1788
1789
1789
1789
1795
1796
1797
1797
1798
1800
1801
1802
1806
1807
1808
1815
1815
1815
1818
1821
1821
1821
1822
1825
1827
1828
1829
1830
1832
1833
1837
1837
1838
1839
1842
1843
1847
1849
1854
1854
1855
1857
1857
1859
1860
1862
1862
1862
1870
1870
1871
1872
1876
1877
1878
1878
1879
1879
1879
1881
1883
1883
1884
1884
1884
1885
1886
1888
1890
1890
1892
1896
1897
1900
1901
1902
1907
1909
1911
1912
1912
1918
1920
1920
1921
1928
1930
1934
1938
1939
1940
1943
1943
1946
1946
1948
1950
1952
1952
1955
1957
1962
1963
1965
1966
1967
1967
1967
1971
1974
1978
1978
1984
1984
1984
1984
1986
1989
1989
1990
1991
1992
1995
1996
1996
1997
1999
2001
2002
2003
2006
2007
2008
2009
2011
2012
2013
2016
2017
2019
2020
2026
2029
2029
2030
2032
2032
2033
2034
2034
2039
2040
2040
2042
2043
2047
2048
2048
2048
2049
2049
2050
2054
2057
2057
2059
2061
2069
2072
2073
2073
2073
2073
2073
2074
2074
2075
2076
2078
2078
2081
2082
2087
2087
2089
2090
2098
2103
2106
2109
2110
2110
2111
2111
2119
2122
2122
2125
2128
2129
2129
2132
2136
2138
2138
2139
2142
2142
2143
2144
2146
2146
2147
2148
2149
2150
2151
2154
2154
2155
2155
2160
2160
2161
2161
2163
2163
2164
2164
2166
2166
2167
2168
2169
2169
2169
2173
2174
2176
2178
2179
2179
2183
2187
2193
2193
2193
2194
2194
2196
2197
2197
2198
2199
2201
2203
2206
2207
2208
2209
2210
2211
2213
2215
2220
2221
2223
2223
2224
2228
2229
2230
2237
2237
2240
2243
2244
2244
2245
2245
2246
2247
2249
2251
2252
2254
2254
2254
2255
2255
2257
2257
2257
2258
2261
2263
2264
2266
2267
2269
2271
2273
2274
2276
2279
2282
2282
2285
2287
2287
2287
2289
2290
2292
2294
2294
2296
2296
2297
2298
2300
2300
2301
2302
2306
2306
2309
2310
2311
2313
2315
2316
2317
2319
2320
2326
2330
2330
2330
2334
2337
2339
2340
2343
2343
2344
2351
2355
2358
2362
2362
2362
2365
2365
2366
2371
2376
2377
2378
2384
2385
2387
2390
2390
2393
2394
2394
2394
2401
2401
2402
2404
2406
2408
2410
2412
2413
2415
2417
2419
2420
2420
2423
2425
2425
2428
2431
2433
2433
2434
2435
2436
2436
2441
2445
2445
2449
2451
2452
2452
2453
2453
2454
2454
2455
2458
2459
2459
2462
2466
2466
2468
2468
2469
2472
2473
2475
2476
2477
2477
2477
2478
2482
2482
2484
2485
2485
2486
2487
2489
2490
2490
2492
2492
2496
2501
2502
2502
2502
2503
2504
2504
2506
2508
2511
2513
2515
2516
2517
2517
2518
2519
2519
2520
2523
2523
2524
2524
2524
2525
2526
2530
2530
2531
2531
2532
2532
2532
2533
2534
2539
2540
2540
2542
2543
2543
2545
2547
2549
2550
2551
2552
2554
2554
2555
2556
2558
2562
2562
2564
2567
2572
2581
2582
2582
2583
2585
2585
2587
2587
2590
2592
2593
2593
2595
2596
2596
2597
2598
2599
2601
2602
2602
2603
2603
2604
2606
2606
2610
2614
2614
2616
2616
2617
2617
2619
2620
2620
2622
2622
2623
2630
2631
2631
2632
2633
2635
2637
2638
2643
2643
2644
2646
2647
2648
2649
2649
2650
2650
2650
2655
2655
2655
2655
2656
2657
2659
2660
2665
2669
2673
2673
2674
2674
2676
2678
2684
2685
2686
2687
2691
2692
2693
2695
2695
2698
2700
2704
2710
2715
2717
2717
2718
2719
2725
2726
2728
2728
2729
2732
2733
2736
2737
2737
2738
2738
2740
2742
2743
2746
2748
2749
2750
2755
2759
2759
2759
2759
2760
2763
2767
2771
2772
2772
2773
2774
2775
2778
2778
2781
2782
2783
2786
2787
2789
2789
2790
2792
2792
2793
2794
2799
2805
2808
2812
2814
2815
2815
2816
2826
2830
2830
2832
2834
2834
2835
2836
2836
2837
2838
2843
2846
2847
2847
2856
2857
2861
2862
2864
2865
2867
2867
2875
2878
2882
2883
2886
2886
2887
2888
2890
2892
2892
2894
2894
2894
2899
2901
2901
2908
2909
2911
2911
2914
2914
2917
2920
2922
2923
2925
2927
2928
2932
2932
2932
2934
2941
2944
2946
2948
2952
2956
2957
2962
2962
2964
2968
2968
2969
2969
2971
2973
2975
2975
2978
2982
2985
2987
2990
2992
2996
3001
3001
3002
3004
3007
3009
3012
3012
3015
3017
3019
3020
3023
3025
3029
3030
3031
3036
3037
3037
3040
3041
3042
3043
3043
3045
3045
3047
3047
3054
3054
3057
3058
3062
3064
3065
3065
3066
3072
3073
3073
3080
3085
3085
3086
3088
3089
3089
3094
3096
3099
3101
3105
3107
3108
3111
3116
3116
3119
3124
3126
3127
3129
3130
3132
3132
3136
3141
3141
3142
3144
3145
3146
3151
3153
3154
3158
3160
3160
3160
3165
3166
3168
3168
3170
3170
3173
3175
3176
3176
3176
3178
3179
3180
3180
3181
3181
3182
3183
3184
3184
3186
3188
3188
3189
3189
3189
3191
3193
3200
3203
3204
3205
3206
3206
3207
3214
3214
3216
3217
3218
3218
3221
3222
3222
3226
3229
3231
3234
3234
3235
3235
3236
3236
3242
3246
3248
3254
3255
3258
3260
3261
3271
3278
3278
3279
3280
3281
3282
3284
3284
3286
3287
3292
3292
3296
3296
3296
3297
3301
3301
3302
3303
3306
3307
3312
3319
3319
3325
3325
3329
3330
3340
3341
3342
3343
3344
3351
3353
3355
3357
3359
3362
3366
3368
3370
3370
3370
3370
3371
3372
3374
3378
3379
3379
3379
3385
3387
3389
3389
3397
3399
3399
3400
3403
3404
3404
3407
3409
3409
3409
3411
3415
3424
3428
3429
3434
3435
3435
3437
3438
3438
3444
3449
3453
3459
3468
3470
3471
3472
3479
3481
3484
3487
3488
3490
3490
3491
3495
3496
3498
3502
3503
3504
3504
3509
3510
3511
3511
3512
3513
3517
3519
3520
3520
3529
3530
3531
3531
3536
3537
3542
3545
3545
3546
3550
3550
3550
3550
3553
3554
3558
3559
3567
3568
3569
3577
3578
3580
3586
3590
3591
3593
3601
3604
3606
3609
3612
3613
3616
3622
3628
3628
3631
3632
3638
3641
3645
3646
3649
3652
3652
3654
3654
3656
3658
3659
3663
3664
3668
3671
3675
3679
3679
3680
3683
3685
3687
3690
3691
3691
3692
3692
3694
3697
3700
3700
3701
3701
3703
3703
3715
3717
3720
3720
3720
3723
3724
3727
3729
3731
3733
3734
3736
3739
3742
3744
3746
3748
3749
3750
3750
3753
3754
3756
3756
3758
3758
3759
3760
3761
3769
3769
3770
3770
3772
3775
3777
3778
3781
3782
3783
3784
3788
3789
3790
3792
3793
3793
3801
3803
3803
3805
3805
3807
3811
3812
3813
3815
3815
3816
3823
3824
3825
3828
3829
3830
3833
3837
3838
3841
3843
3843
3846
3848
3848
3849
3854
3855
3859
3860
3860
3861
3866
3867
3867
3867
3872
3873
3880
3886
3887
3888
3888
3889
3899
3900
3902
3902
3905
3906
3908
3913
3913
3914
3918
3918
3920
3922
3923
3924
3928
3931
3935
3938
3941
3942
3949
3951
3952
3953
3956
3957
3959
3969
3970
3971
3974
3976
3980
3980
3981
3983
3983
3990
3990
3992
4000
4000
4001
4001
4018
4023
4025
4027
4027
4030
4032
4033
4033
4033
4034
4035
4035
4035
4035
4036
4037
4037
4039
4039
4042
4043
4046
4047
4048
4048
4051
4054
4054
4060
4060
4061
4061
4065
4067
4077
4078
4080
4081
4082
4084
4085
4088
4089
4102
4108
4114
4116
4119
4120
4121
4125
4128
4134
4136
4139
4139
4141
4142
4143
4143
4147
4148
4151
4154
4156
4156
4157
4159
4161
4163
4163
4164
4168
4169
4169
4169
4170
4175
4180
4180
4180
4181
4183
4184
4185
4189
4193
4194
4196
4196
4199
4200
4200
4202
4202
4207
4208
4208
4210
4214
4214
4214
4215
4217
4218
4221
4223
4225
4225
4226
4226
4227
4227
4227
4228
4231
4236
4240
4243
4243
4244
4245
4254
4255
4255
4259
4259
4260
4260
4260
4261
4262
4273
4274
4276
4280
4280
4281
4285
4290
4290
4292
4293
4296
4299
4310
4310
4313
4317
4322
4324
4326
4326
4328
4330
4330
4335
4340
4341
4341
4341
4346
4346
4354
4354
4357
4363
4366
4375
4375
4380
4381
4383
4384
4385
4385
4386
4387
4389
4391
4392
4393
4393
4397
4399
4402
4409
4414
4414
4416
4416
4430
4433
4433
4433
4433
4433
4439
4440
4440
4444
4446
4447
4447
4447
4449
4458
4459
4467
4473
4474
4481
4483
4484
4486
4487
4489
4492
4494
4495
4496
4496
4498
4512
4512
4513
4514
4514
4515
4516
4516
4517
4517
4518
4524
4524
4524
4525
4525
4526
4527
4528
4532
4532
4535
4543
4544
4545
4546
4549
4549
4554
4556
4558
4560
4570
4571
4571
4571
4572
4573
4574
4574
4576
4576
4577
4578
4581
4583
4584
4586
4588
4592
4592
4593
4596
4601
4602
4603
4606
4613
4615
4616
4623
4625
4626
4631
4632
4634
4635
4636
4638
4639
4642
4642
4645
4649
4650
4650
4650
4651
4655
4655
4656
4657
4661
4663
4664
4664
4665
4669
4672
4674
4680
4687
4692
4695
4696
4699
4701
4701
4706
4707
4710
4710
4712
4714
4714
4715
4716
4717
4718
4721
4723
4725
4726
4726
4728
4730
4731
4739
4741
4742
4743
4743
4743
4747
4748
4752
4754
4755
4756
4759
4759
4766
4770
4772
4776
4779
4781
4785
4787
4788
4788
4789
4790
4795
4795
4797
4798
4800
4800
4802
4803
4807
4808
4808
4809
4809
4810
4812
4813
4816
4818
4818
4819
4821
4821
4822
4826
4828
4829
4831
4833
4834
4837
4837
4839
4840
4841
4844
4844
4853
4853
4854
4854
4855
4856
4856
4861
4864
4865
4867
4878
4880
4880
4882
4887
4890
4895
4896
4896
4901
4901
4907
4907
4911
4913
4915
4915
4917
4922
4924
4926
4927
4927
4933
4937
4938
4942
4942
4942
4947
4950
4953
4953
4959
4966
4967
4967
4969
4971
4971
4973
4978
4978
4986
4994
4994
4995
4996
4999
4999
5004
5004
5005
5011
5016
5016
5016
5017
5018
5023
5025
5028
5032
5035
5035
5050
5050
5051
5052
5053
5056
5058
5070
5071
5073
5073
5073
5074
5076
5076
5077
5082
5083
5087
5088
5092
5096
5097
5098
5099
5105
5106
5107
5108
5115
5116
5118
5123
5126
5126
5134
5138
5140
5140
5143
5143
5144
5146
5148
5149
5150
5152
5157
5158
5159
5162
5162
5169
5170
5172
5174
5176
5178
5181
5182
5182
5182
5183
5188
5190
5191
5191
5192
5192
5192
5193
5200
5200
5204
5206
5206
5210
5215
5216
5219
5220
5220
5221
5222
5228
5229
5229
5230
5235
5236
5237
5238
5238
5238
5241
5242
5242
5242
5243
5244
5248
5249
5249
5250
5254
5260
5264
5265
5265
5270
5273
5279
5279
5280
5280
5293
5295
5297
5299
5299
5301
5305
5306
5310
5310
5311
5317
5317
5318
5318
5323
5325
5329
5332
5334
5336
5340
5346
5347
5351
5351
5353
5354
5354
5356
5356
5357
5357
5358
5360
5362
5364
5365
5369
5369
5372
5372
5375
5376
5377
5378
5379
5381
5382
5384
5386
5386
5395
5396
5399
5405
5408
5409
5414
5415
5416
5419
5422
5426
5427
5428
5435
5439
5440
5440
5442
5443
5443
5445
5446
5454
5454
5456
5456
5456
5457
5459
5461
5462
5466
5467
5467
5470
5470
5471
5472
5474
5474
5476
5477
5481
5482
5486
5487
5487
5490
5494
5496
5501
5507
5509
5513
5517
5523
5532
5532
5533
5534
5534
5538
5540
5541
5548
5551
5554
5555
5556
5557
5561
5567
5571
5572
5573
5577
5581
5582
5582
5586
5587
5591
5592
5593
5594
5597
5597
5598
5598
5602
5607
5608
5611
5612
5614
5615
5616
5621
5623
5623
5624
5626
5631
5636
5638
5639
5639
5641
5642
5647
5649
5652
5652
5653
5655
5657
5660
5663
5666
5666
5666
5669
5672
5672
5673
5674
5681
5681
5684
5685
5687
5687
5690
5693
5698
5699
5704
5704
5704
5704
5707
5710
5718
5720
5724
5724
5724
5726
5727
5731
5735
5735
5740
5742
5744
5744
5745
5746
5747
5748
5748
5754
5755
5756
5756
5759
5760
5761
5761
5763
5763
5765
5766
5767
5768
5772
5774
5774
5775
5777
5778
5782
5782
5782
5785
5786
5789
5790
5794
5795
5796
5800
5804
5804
5804
5808
5808
5810
5814
5817
5818
5820
5820
5824
5824
5826
5827
5830
5831
5832
5834
5834
5836
5837
5840
5841
5842
5843
5843
5846
5851
5855
5860
5860
5866
5869
5872
5872
5875
5876
5880
5885
5889
5889
5889
5894
5896
5897
5899
5900
5900
5901
5903
5907
5913
5915
5916
5919
5926
5929
5931
5938
5939
5944
5944
5944
5947
5947
5947
5947
5954
5956
5960
5962
5965
5966
5966
5977
5978
5979
5982
5983
5983
5985
5989
5991
5994
5996
6002
6003
6004
6009
6009
6010
6011
6013
6015
6016
6018
6021
6024
6027
6034
6036
6039
6041
6042
6045
6046
6048
6049
6049
6052
6053
6057
6067
6071
6072
6073
6075
6078
6081
6082
6089
6094
6095
6097
6098
6099
6101
6102
6103
6107
6109
6110
6110
6111
6112
6112
6114
6115
6121
6122
6122
6123
6123
6127
6129
6129
6130
6132
6133
6137
6141
6143
6145
6147
6149
6150
6152
6161
6161
6167
6167
6169
6170
6176
6184
6186
6190
6191
6193
6197
6197
6198
6199
6199
6200
6201
6202
6203
6204
6205
6209
6214
6216
6216
6217
6219
6221
6222
6222
6224
6225
6230
6230
6231
6232
6235
6238
6238
6239
6240
6240
6246
6247
6251
6253
6257
6260
6264
6267
6270
6271
6271
6272
6272
6272
6273
6274
6274
6276
6285
6285
6287
6289
6290
6293
6293
6294
6297
6301
6306
6307
6308
6309
6310
6311
6314
6318
6319
6320
6321
6321
6322
6324
6328
6329
6330
6331
6332
6333
6335
6340
6341
6347
6352
6353
6355
6357
6357
6357
6360
6360
6367
6367
6368
6368
6368
6369
6372
6374
6376
6380
6388
6391
6392
6397
6398
6399
6400
6404
6407
6409
6411
6413
6413
6414
6418
6424
6424
6427
6433
6440
6441
6447
6452
6453
6453
6456
6457
6459
6463
6473
6474
6475
6475
6480
6481
6481
6482
6485
6487
6489
6495
6499
6501
6504
6504
6505
6513
6514
6515
6515
6536
6539
6542
6546
6550
6557
6557
6563
6563
6566
6571
6571
6572
6574
6575
6576
6581
6583
6585
6587
6588
6590
6592
6593
6599
6599
6600
6604
6605
6606
6612
6613
6618
6621
6623
6625
6626
6626
6629
6629
6630
6630
6641
6642
6642
6649
6650
6652
6652
6653
6655
6660
6661
6663
6663
6663
6665
6668
6669
6670
6671
6674
6674
6674
6678
6682
6683
6684
6688
6690
6691
6695
6698
6701
6705
6706
6708
6711
6716
6717
6721
6722
6722
6725
6725
6729
6729
6730
6734
6734
6738
6741
6742
6743
6748
6749
6754
6755
6757
6758
6760
6763
6763
6765
6769
6774
6774
6777
6777
6778
6779
6779
6781
6786
6787
6794
6797
6801
6802
6803
6805
6805
6806
6806
6808
6808
6809
6809
6809
6811
6812
6814
6821
6822
6825
6826
6826
6826
6826
6827
6830
6831
6832
6834
6837
6837
6842
6843
6849
6854
6854
6859
6861
6863
6869
6870
6872
6873
6878
6881
6882
6882
6883
6885
6885
6888
6889
6890
6893
6894
6895
6896
6897
6898
6907
6908
6908
6915
6917
6918
6918
6921
6921
6929
6935
6937
6951
6954
6957
6957
6959
6959
6961
6964
6966
6971
6974
6974
6975
6977
6979
6979
6993
6993
6994
6996
6996
6997
6997
7000
7000
7008
7010
7011
7012
7013
7015
7015
7015
7017
7018
7018
7021
7021
7022
7030
7030
7033
7035
7036
7038
7038
7041
7042
7042
7045
7045
7047
7052
7053
7054
7054
7054
7055
7056
7058
7061
7063
7066
7068
7069
7070
7074
7075
7075
7076
7076
7082
7085
7086
7086
7086
7088
7088
7090
7094
7095
7096
7096
7098
7109
7110
7111
7111
7113
7123
7124
7125
7128
7130
7132
7134
7134
7139
7140
7146
7150
7151
7153
7153
7154
7154
7154
7158
7158
7159
7160
7161
7162
7162
7163
7164
7170
7172
7173
7173
7176
7177
7177
7178
7182
7187
7188
7188
7189
7193
7195
7198
7200
7202
7206
7208
7211
7213
7215
7218
7220
7224
7226
7227
7229
7232
7232
7234
7238
7239
7240
7241
7242
7243
7250
7253
7256
7257
7259
7260
7263
7263
7265
7265
7265
7266
7266
7266
7268
7271
7272
7275
7279
7283
7283
7285
7287
7288
7289
7293
7294
7296
7297
7297
7297
7299
7300
7300
7300
7303
7304
7316
7320
7320
7320
7321
7322
7322
7323
7326
7326
7326
7337
7340
7341
7341
7341
7348
7353
7355
7362
7364
7367
7375
7382
7385
7385
7385
7385
7389
7390
7396
7397
7400
7401
7404
7404
7411
7412
7412
7413
7417
7419
7421
7422
7427
7427
7427
7430
7433
7439
7440
7443
7449
7449
7452
7452
7453
7455
7455
7456
7458
7460
7461
7462
7466
7469
7469
7472
7473
7475
7478
7478
7479
7481
7481
7482
7484
7488
7489
7490
7494
7498
7500
7508
7510
7511
7511
7514
7518
7520
7520
7522
7530
7541
7541
7547
7548
7548
7551
7554
7556
7557
7558
7559
7561
7564
7566
7567
7568
7569
7569
7579
7580
7580
7582
7583
7587
7592
7594
7594
7596
7599
7602
7605
7609
7613
7614
7619
7624
7625
7627
7627
7630
7630
7631
7633
7636
7638
7643
7646
7646
7648
7654
7656
7661
7662
7666
7670
7672
7675
7682
7683
7683
7691
7693
7694
7695
7700
7702
7707
7710
7713
7719
7724
7731
7737
7738
7738
7738
7746
7747
7749
7750
7751
7751
7758
7760
7765
7775
7776
7779
7779
7782
7783
7785
7789
7792
7793
7793
7794
7795
7796
7797
7797
7798
7804
7804
7806
7807
7817
7819
7820
7822
7823
7826
7828
7834
7837
7838
7838
7843
7843
7848
7853
7862
7865
7867
7867
7868
7873
7873
7874
7875
7878
7882
7883
7884
7886
7887
7892
7894
7899
7899
7902
7903
7907
7912
7913
7914
7917
7920
7922
7922
7923
7925
7934
7934
7938
7940
7944
7945
7946
7948
7949
7952
7958
7961
7961
7961
7964
7964
7973
7974
7978
7979
7981
7981
7989
7994
7994
7994
7996
7997
7997
7997
7999
8000
8000
8004
8005
8005
8006
8006
8007
8011
8012
8014
8014
8019
8023
8026
8032
8044
8045
8048
8054
8057
8058
8060
8061
8063
8066
8066
8071
8075
8075
8076
8080
8083
8084
8087
8087
8088
8095
8097
8097
8103
8107
8108
8108
8108
8111
8122
8126
8126
8128
8130
8137
8138
8145
8145
8146
8147
8150
8150
8151
8151
8153
8156
8156
8161
8162
8163
8164
8164
8169
8170
8170
8173
8174
8178
8180
8181
8182
8182
8182
8183
8189
8190
8192
8192
8200
8201
8204
8204
8207
8208
8212
8217
8218
8219
8223
8223
8226
8230
8230
8231
8236
8239
8239
8240
8243
8245
8246
8248
8248
8248
8249
8250
8250
8255
8257
8260
8262
8263
8264
8269
8269
8272
8272
8272
8274
8276
8276
8281
8286
8290
8296
8301
8302
8305
8307
8307
8309
8310
8313
8313
8315
8318
8321
8325
8325
8326
8329
8330
8331
8331
8331
8331
8333
8337
8342
8342
8343
8346
8346
8348
8349
8350
8351
8352
8354
8356
8357
8357
8359
8362
8362
8364
8368
8369
8374
8374
8375
8376
8377
8388
8389
8390
8392
8394
8395
8399
8400
8401
8402
8402
8404
8407
8409
8410
8413
8417
8418
8422
8423
8424
8427
8428
8430
8431
8435
8441
8445
8449
8451
8452
8456
8456
8457
8457
8463
8464
8467
8469
8471
8473
8474
8474
8475
8479
8480
8485
8488
8489
8490
8493
8493
8494
8495
8498
8498
8499
8499
8502
8502
8502
8504
8505
8508
8510
8511
8512
8514
8515
8517
8519
8519
8519
8522
8524
8525
8530
8533
8535
8539
8545
8550
8554
8555
8562
8565
8567
8570
8571
8573
8576
8579
8581
8582
8586
8586
8587
8589
8590
8591
8591
8592
8595
8598
8599
8602
8604
8606
8606
8612
8617
8617
8621
8621
8625
8626
8628
8629
8630
8632
8635
8636
8636
8637
8638
8644
8645
8646
8647
8647
8648
8648
8650
8652
8653
8653
8658
8661
8666
8667
8673
8674
8674
8675
8675
8676
8676
8677
8678
8680
8681
8684
8685
8692
8693
8693
8696
8700
8700
8701
8703
8704
8705
8714
8722
8724
8728
8732
8734
8741
8745
8749
8750
8750
8751
8761
8765
8766
8772
8774
8777
8780
8793
8794
8797
8799
8801
8807
8809
8812
8817
8819
8824
8826
8826
8830
8831
8831
8831
8832
8839
8839
8842
8843
8845
8846
8850
8851
8853
8853
8853
8854
8856
8856
8856
8857
8858
8862
8862
8863
8866
8869
8871
8871
8875
8875
8879
8881
8882
8884
8889
8893
8899
8899
8908
8909
8910
8913
8913
8914
8914
8914
8921
8923
8924
8925
8930
8931
8933
8935
8935
8935
8936
8938
8940
8940
8940
8942
8942
8942
8944
8946
8947
8949
8950
8952
8953
8954
8954
8955
8955
8955
8956
8962
8962
8967
8968
8971
8980
8980
8986
8989
8990
8990
8990
8990
8992
8993
8999
8999
9001
9002
9008
9008
9009
9009
9011
9012
9014
9014
9016
9017
9018
9019
9019
9021
9021
9023
9024
9025
9025
9026
9027
9028
9029
9035
9036
9037
9038
9043
9044
9049
9052
9055
9056
9065
9066
9068
9077
9081
9081
9082
9083
9091
9093
9096
9096
9097
9100
9102
9105
9108
9108
9112
9121
9123
9124
9126
9128
9129
9129
9129
9130
9132
9133
9133
9134
9137
9138
9138
9141
9143
9143
9144
9147
9152
9153
9153
9156
9159
9161
9163
9168
9170
9172
9173
9174
9180
9183
9183
9184
9185
9187
9188
9189
9189
9192
9192
9195
9199
9205
9213
9213
9216
9218
9226
9228
9231
9231
9231
9231
9232
9234
9239
9241
9242
9244
9245
9251
9252
9256
9257
9257
9265
9269
9270
9271
9271
9277
9278
9280
9291
9304
9306
9311
9316
9317
9320
9320
9322
9324
9327
9327
9329
9329
9330
9333
9333
9333
9337
9341
9341
9341
9342
9342
9343
9343
9343
9349
9349
9350
9352
9357
9357
9360
9361
9367
9372
9373
9374
9375
9375
9375
9376
9378
9381
9382
9391
9392
9393
9394
9395
9398
9399
9400
9400
9401
9402
9403
9406
9407
9412
9415
9415
9417
9419
9419
9430
9430
9431
9431
9434
9444
9454
9455
9455
9456
9457
9457
9461
9462
9464
9466
9469
9470
9471
9471
9477
9478
9480
9481
9483
9486
9489
9490
9493
9494
9496
9498
9504
9504
9504
9506
9509
9514
9515
9518
9518
9519
9519
9520
9526
9527
9528
9532
9532
9532
9533
9533
9536
9539
9543
9543
9551
9553
9555
9557
9561
9571
9571
9577
9577
9579
9582
9582
9583
9588
9588
9592
9593
9593
9598
9602
9606
9612
9614
9614
9615
9620
9621
9624
9627
9629
9630
9633
9633
9634
9639
9641
9644
9648
9650
9650
9654
9660
9661
9663
9668
9673
9674
9676
9676
9676
9676
9679
9683
9684
9684
9685
9688
9689
9690
9690
9694
9694
9694
9694
9698
9702
9702
9702
9706
9706
9707
9713
9716
9718
9720
9720
9723
9724
9724
9724
9726
9731
9731
9732
9735
9737
9738
9740
9743
9744
9745
9747
9747
9747
9748
9748
9750
9754
9759
9764
9764
9764
9765
9766
9766
9767
9770
9775
9775
9776
9781
9781
9783
9783
9784
9784
9785
9789
9798
9800
9800
9800
9803
9804
9806
9812
9815
9826
9831
9835
9840
9840
9842
9848
9851
9855
9856
9860
9860
9864
9866
9870
9875
9882
9883
9885
9889
9892
9893
9894
9895
9897
9907
9907
9908
9917
9926
9927
9930
9932
9933
9933
9934
9934
9935
9941
9942
9942
9944
9944
9945
9945
9945
9954
9955
9962
9963
9964
9964
9965
9968
9968
9973
9981
9981
9981
9983
9983
9984
9988
9988
9995
