5077
4953
3170
504
4516
7510
3379
8418
9694
5772
5872
1118
2247
3957
4525
2524
3701
938
1231
5220
1769
7433
6779
4208
1234
393
4512
9430
5358
90
1672
2602
1843
6176
3867
2193
1757
4082
3749
4440
1449
6605
2089
198
3537
2255
8950
1679
1640
2401
4393
6123
1545
2484
9011
7670
523
4143
3900
9401
3848
2087
807
825
6814
433
2072
9391
2837
9732
644
6216
2274
6307
9624
8174
3435
2057
1789
1270
9532
1285
682
2539
5626
4841
1418
27
2710
8749
1888
512
852
2729
5720
8722
3437
2179
3680
5372
1666
5382
5655
1004
6898
7188
3124
990
5693
3692
1946
1707
6041
4255
4459
9582
8565
5200
2251
1335
8589
651
5206
5236
9917
4664
8356
8653
5593
8591
1515
7086
45
7661
2614
6122
3248
3656
9702
2110
4718
432
9942
1764
1335
71
4243
4346
1106
3362
1995
1714
3222
1152
3045
9723
3546
7946
3970
5808
4202
8940
2562
6239
9357
5076
9738
7260
758
72
5092
375
7272
1884
5768
283
4317
212
8250
7609
808
999
9988
6885
410
8741
5989
9342
8290
42
8362
2676
6152
9683
9036
5445
3340
8000
4714
169
7594
7355
264
447
769
601
1032
6167
9860
4414
4393
9361
5889
8262
6109
2630
5456
1233
9855
8678
8590
3054
644
113
2603
2139
9009
2074
9152
2524
9614
665
3429
218
4810
6832
6674
1006
2351
2224
7109
1743
4743
1580
1379
6103
3550
334
9634
4701
9082
8761
6774
6495
6009
4576
5146
4813
8554
7173
770
1070
5983
5699
6671
3325
6320
7088
9875
2164
5188
5790
3941
6748
1068
7153
5735
3956
3280
4214
1254
6240
574
5377
4754
4516
4656
9815
2415
8305
5134
6542
2826
6238
9747
2289
7232
6203
1012
6921
4844
6082
2783
9800
6975
7776
3760
9256
6997
355
7882
4084
6293
3971
5396
2453
2330
1445
97
5183
4544
1470
3141
6893
9536
805
9077
7514
992
1101
7566
9553
6708
3873
1688
2792
1562
1425
3980
6441
8325
1244
9412
2593
3303
7038
7075
1436
1653
7948
7461
8401
7638
5885
6663
9689
236
1115
986
4054
5334
1290
6052
1890
7413
6825
1768
3366
1789
2551
1511
2012
5230
7208
1543
2454
4036
5608
531
7456
5532
7630
8579
1715
3769
7989
3949
76
4917
4759
3036
189
9147
1067
9008
4515
9557
8097
6198
8488
1553
8107
3066
1257
6650
1774
8490
1978
8980
3641
7613
7624
3591
1510
2435
1279
2048
4175
5710
5182
388
5666
3330
9800
7287
8519
3129
5532
861
1026
5931
2423
6878
2229
7820
3144
5567
4808
2245
5076
126
7819
2631
9964
3342
5242
254
5004
4789
4626
4051
1349
6882
5172
3284
8525
8882
2759
4808
9493
5860
819
5229
5035
1900
1148
6341
3089
8390
6347
3649
5726
8204
6915
4060
20
7417
3586
6571
4706
1342
3319
771
5834
8676
9251
7627
1445
9028
1155
4596
1862
2516
93
4439
4556
2883
3816
8893
1260
8342
3841
1317
3503
8212
9660
7297
9784
3567
7015
4770
9496
4260
2485
1830
645
709
6826
8862
2632
4324
2098
5509
5623
1139
1639
1678
6515
1434
5747
2669
1506
2073
9378
7177
815
5582
4108
4672
2160
4665
5105
6011
4088
7599
5381
1188
9775
5804
3151
8342
63
107
5005
9187
7440
7163
122
1148
9270
2362
706
1788
6889
277
9685
933
134
5556
3803
8208
340
3168
375
9231
8793
6918
9055
3126
8126
6368
6427
2425
9008
450
5851
2503
3193
2834
2078
7592
2319
3675
3488
2834
9690
7076
8899
6674
2300
3805
8850
1322
5660
4953
1682
2213
8451
6515
6042
2691
2587
9930
6725
6321
341
3694
565
3720
7978
9360
9754
3530
9684
3189
9907
8248
8638
1708
5796
5191
3753
5808
2073
2660
1440
5487
825
3286
4574
6652
5439
9091
3727
9138
4293
5782
532
1386
7170
6335
6107
9231
1734
3099
3759
1920
9571
8469
7211
7462
9327
1661
5461
7478
5623
2264
2985
2585
1477
1321
434
4634
1829
2927
2401
4528
1253
1566
3351
9341
6411
9698
5573
8357
2316
2673
9766
7923
4809
5329
9803
6585
7548
6267
6760
8999
9908
9870
9277
1950
254
8502
440
3733
6357
30
4840
6219
4363
8819
3701
2110
5592
8395
1886
5004
2129
7479
5763
9688
45
357
2789
5375
8693
5273
5354
9291
826
9372
1285
1639
2875
325
6294
3189
8422
4856
2030
2221
6095
4924
3782
2982
272
3938
8704
7018
1984
514
5405
9973
5190
2008
8993
782
8399
5487
708
6009
6367
7132
3658
3132
2468
63
837
6513
8449
7094
1402
8428
2490
6114
4161
3981
7035
1997
4433
5672
7326
3628
9644
3043
8413
130
3222
9343
4180
7030
8956
1083
1707
902
5795
9189
9571
9835
1438
5954
5118
590
5140
4785
9764
3628
2704
1403
3491
5174
3931
1821
6550
908
568
9129
1673
2572
6734
5482
956
7797
763
9639
4119
896
8007
5994
9357
6769
6599
5264
3668
6123
803
7427
7076
7554
8410
7511
8269
5765
4037
1443
1614
827
7561
2737
723
5804
0
1511
1055
7300
2394
8310
9130
8724
8128
2082
1645
6842
2122
4163
7596
8626
9009
2076
7154
5756
4807
3307
1028
2992
2502
2864
190
1328
5607
8801
4035
8765
7172
6557
1444
4524
176
8000
7758
1225
4901
1110
6424
3805
2173
1107
8653
5501
8517
6803
1208
2179
9327
4061
2445
3009
1832
7837
4592
1971
8058
4834
2176
1780
7154
405
3731
2836
4340
2812
344
1096
6285
1854
5561
7490
3754
1592
2384
8307
71
7567
6779
1310
1163
8246
1459
6127
978
9394
9001
92
2794
8780
5666
7643
2530
5192
2469
612
9648
1124
9954
1800
4994
5442
8326
2738
3928
4313
5356
8301
6400
8217
1590
8182
641
8606
6332
5123
8108
9527
2244
6340
8831
87
1586
6073
636
939
5778
2309
3691
46
8980
9889
4651
8122
1399
3236
2590
9471
5162
897
8374
9417
7999
1138
3690
6621
8048
4164
7838
1507
8854
4674
2482
2475
808
8182
2489
7257
7489
7390
2428
2659
2533
2684
864
6797
6101
3216
774
6002
417
8441
7154
2486
5774
9066
766
2506
8617
2650
4000
4800
9706
9598
5657
95
2459
315
5551
1641
6075
6935
1885
9083
9518
3359
8457
2420
5624
223
4039
4346
7994
2973
7580
3866
9324
9702
6230
750
6604
5837
2410
5684
5846
6161
8637
6908
8388
7439
2039
6706
1879
9800
6453
2638
5399
325
8703
2136
8871
2343
9081
3679
5789
3459
8173
6811
465
3023
6200
6273
6067
4214
2564
1096
2962
5490
6231
74
5306
2523
5082
7421
5422
5386
5052
8147
8359
3379
9320
7134
1083
5443
7124
4680
1025
3029
2203
770
5652
620
702
3803
4854
7964
406
4788
1383
9257
4381
8257
2646
4389
2558
6642
9096
6404
7738
1939
3142
4787
2781
9265
7675
7000
528
1231
8111
43
2160
9239
5982
9093
7055
1268
1837
5896
2169
3935
1613
9679
9097
8857
3632
7095
8797
6809
8236
1647
4631
6310
2750
8204
8006
8264
1472
9504
1717
7018
3550
5947
4210
9138
2726
1123
8178
5332
4143
9280
6691
5299
6027
5051
9218
3545
9743
8856
4574
8250
4514
4913
1452
596
1204
9750
4828
7914
4402
1522
5947
6161
2103
5727
3739
4202
9029
9932
2593
2466
2692
6318
3101
758
7178
1445
9183
7195
3484
2049
2648
9180
2547
8853
3983
1797
787
9706
597
8192
6872
2166
6843
7054
4018
7455
5346
1593
2674
2059
6115
4039
2197
2138
4208
81
6721
1014
3498
8949
3918
4281
9461
7401
1591
3888
3609
9489
5872
5279
1883
8658
90
1093
2555
9592
6102
4433
5615
2517
7158
4581
2928
1227
7322
8794
2034
2620
6489
3685
2266
6688
2830
1784
6204
8599
2773
3756
83
3679
5254
6141
628
8456
3746
1270
5140
6870
8955
6895
4809
4375
6777
660
2815
3942
4826
2504
5053
2847
8489
5466
3959
4259
1331
3255
7749
815
166
8272
4915
8648
2587
589
4602
2922
6629
1745
3951
9025
3130
9232
5178
1383
7074
8463
90
8063
9726
1948
3720
5889
1066
2909
8809
9784
3254
1549
5416
4440
9713
5028
755
7412
7015
9382
9716
1439
4942
9343
8402
2161
1275
5533
2649
108
7162
7775
2968
3744
5293
9964
4938
9228
8276
8647
952
117
8990
1986
8045
3292
1999
2161
8617
1723
5939
208
1097
4048
2290
4199
1815
8350
1525
1277
2366
3312
9096
619
4194
4335
5824
6322
4829
7158
3278
7551
4588
852
7188
8510
2620
769
5016
3886
8511
4837
551
4915
323
3141
4156
6993
9269
9471
3041
9944
6993
569
6805
7867
7646
229
2174
485
5960
168
6641
6110
6749
6314
7520
7530
877
9856
4163
7731
9883
8745
5834
584
9257
6230
8962
1718
6979
7838
8774
3638
4571
1040
7160
3703
1733
5018
5152
8846
115
8329
9108
1355
7300
5106
6217
5149
1000
4193
9481
6232
1175
1408
2261
151
2371
5947
4236
8445
1227
7265
9933
1392
658
77
3370
7320
1535
9333
7662
9188
1062
4067
7760
862
8935
9027
9464
1632
389
2540
5649
3542
7498
594
6863
1782
1657
43
7683
2254
6660
5841
8750
4701
7263
2616
4354
6757
8357
4240
863
4527
9017
460
8156
9983
2719
4148
5540
1401
2892
8777
4756
1589
5724
8967
9393
575
5555
1391
1647
9842
2454
4854
8480
1989
74
3176
5369
598
2941
609
8636
9271
5108
4638
2193
5687
4245
5279
5446
1346
1574
6367
6297
75
3861
4535
8931
3017
1721
5216
343
7375
1689
2631
3403
305
9532
9702
1847
5204
560
9745
9724
293
3519
2687
1943
2717
5775
5962
6741
9747
1481
6663
4409
322
2749
2969
44
8060
4259
1859
3700
5408
9205
7934
1592
4696
2523
6954
2163
5782
2087
7224
56
3088
3811
4743
1349
3593
8567
1245
5242
114
1343
6137
5099
5889
3292
4215
3860
8817
2026
6787
7981
9498
6514
9329
9375
1602
2385
3116
5494
8084
8457
126
4887
1153
294
8832
7299
9684
7779
2146
7789
7353
9102
3613
7320
9185
9226
2487
6996
8095
9252
583
9627
8519
6888
5817
1335
4392
1668
3188
2263
5639
1741
1498
498
6606
3729
864
8555
2901
5869
1184
9477
3296
1920
8571
1896
3160
2655
2434
9860
5631
3226
1718
9718
7422
1967
3438
1385
6129
2142
58
6463
8054
4077
5894
1424
4033
6861
3569
8514
2932
892
5150
4730
9469
8940
74
4290
4080
8515
2975
1115
8087
2149
5481
9509
6167
8992
4200
3389
6805
4790
1733
7797
8249
4896
6600
458
2178
6112
329
5219
8313
6504
4037
7925
4330
217
9539
2911
5985
6271
7304
3218
6289
667
584
6592
6331
5265
1614
538
573
9812
1342
5074
6921
4766
8409
4184
6711
9892
2417
2419
5357
9192
2109
5534
494
3329
6270
2502
1761
2057
9043
6881
757
5414
5323
7041
1729
3691
2394
4280
4048
1087
1597
46
844
7086
2081
5745
3002
287
7920
4669
920
2742
6830
3980
3042
6763
227
752
9306
6539
8858
9375
1705
2237
346
3261
7793
7239
5826
7088
8006
4481
5866
800
7341
2554
2647
1006
578
4139
2816
4999
3472
2073
5471
9016
1213
8223
2650
7220
2596
5979
3379
692
3511
6199
9724
5071
2196
7243
8863
9690
4615
5073
2637
8369
4273
3001
1109
6854
1432
1967
967
8313
959
2169
2969
4650
8407
7397
971
8875
1685
2243
742
153
7478
6046
1578
5228
4225
2337
2728
9373
6812
4391
9981
8424
5586
324
2737
6738
1715
6274
3054
4157
172
847
6837
3145
488
3189
4973
2861
8871
4489
589
9798
1839
9737
7452
63
944
2287
151
8914
620
3179
3859
1278
5767
6481
6004
2362
8971
3246
3181
9480
3983
1521
2249
3325
7481
5415
4025
2657
8066
3015
2990
8226
1753
9984
8474
7150
9962
4159
9826
4880
7296
1397
5351
4650
2616
1801
3654
6453
5977
1050
7804
3108
273
440
4189
9504
9105
1411
8151
223
956
948
595
2294
4844
411
892
4865
2198
7848
1955
4864
5023
2686
657
901
8942
9444
9934
2763
9668
7070
2962
6809
233
6684
843
9783
6473
2194
6959
8321
2543
5944
6482
2649
128
6626
1609
7297
1884
4386
8240
4714
8913
972
2793
2567
9168
2635
2294
3301
3908
5138
5353
4223
8368
2166
9129
524
8696
7994
7944
956
5602
6794
8004
964
3550
3453
1578
406
9333
9333
6353
6837
5470
2792
3734
8519
8263
2964
2452
3867
2257
8302
4023
6397
5260
1628
241
1879
7974
8260
3724
5707
4526
7892
1248
4399
3517
2164
5176
7559
7096
3849
5472
9129
3663
4971
9506
3341
6201
9320
865
1284
2436
8826
373
6251
9271
8183
6873
7792
7275
6121
2033
5860
8714
925
8272
3905
2598
479
9128
9533
9341
230
6276
3279
2155
8011
1251
3490
4576
1728
6725
6169
1860
2655
6459
9650
2073
2240
2154
4926
8192
2223
192
3807
878
413
8170
6994
7520
870
2517
1743
8012
2532
8180
9231
3770
1634
770
2830
9988
4739
3496
1857
9337
483
3920
1562
5880
7038
9019
6505
9244
5360
3409
9349
7042
2013
471
3899
4707
2258
2310
1478
5598
5947
3801
7952
2725
2006
6678
7096
5115
6808
5073
8245
8908
9455
9518
7130
6222
9720
3606
6778
4183
1842
7547
9694
3775
8675
7279
8644
279
4473
7826
6202
3434
8499
8331
6971
1235
49
1017
2201
3183
8153
5162
6253
8772
396
7899
3371
1938
6424
3553
1017
2617
1663
2520
9457
956
6184
5594
9044
4517
7636
6274
786
5096
8276
4625
9304
2908
7594
5409
5929
3495
125
665
5056
8522
4416
3296
244
5181
7189
8005
9981
2155
4030
1662
5126
4546
8692
2223
8404
7396
12
1678
4742
8545
6199
2581
1758
8281
8456
6599
1775
364
9676
2759
390
5748
5237
597
9582
8646
2119
2074
991
1797
7367
5126
599
2743
416
7176
6588
284
4616
4254
9456
1212
4322
8061
6629
2048
5669
3683
4035
4181
8286
5820
3481
6668
9633
7042
5088
2805
6918
2376
2390
7469
3777
3720
7177
5365
8402
267
1714
2550
911
1034
6485
2146
9231
5666
2774
6908
1480
6413
5486
8650
8570
8495
6574
7193
2526
9454
3411
6979
1818
7030
779
2029
2886
3372
807
2772
2532
6209
161
6649
7579
4169
4800
8169
5876
7036
73
1410
9049
4125
776
8019
443
938
2944
2932
819
8083
303
1030
3723
2894
3781
796
7997
9593
4839
330
1052
5058
7631
3037
9747
3700
5238
9419
2043
4243
6661
6572
9056
4042
9192
2617
4950
6499
2420
3652
3400
2759
7227
5369
4065
2790
5581
483
6094
5785
7265
7793
2276
1765
9781
6330
1758
2019
3282
9343
8346
3631
4467
7569
8629
5742
4663
5011
436
5571
325
6049
68
8435
1984
945
2644
6583
315
4728
8914
3234
718
4385
4578
3860
1594
5305
9942
9406
122
1934
5467
3047
906
2042
8576
1151
4060
2154
845
4514
3001
3748
8145
5182
9781
328
3788
7337
4214
2406
4639
45
5238
944
7472
2069
6311
3969
1538
2957
7750
4495
5221
6308
9955
1789
4458
5621
592
3236
185
8423
584
2836
3094
5426
6003
2789
8498
2387
8999
5474
3438
4978
8272
8856
7765
3089
5427
2187
1306
3191
9407
2106
3952
5966
3846
2772
5513
1322
411
9068
3601
1132
8700
793
7899
2245
673
4752
9532
2271
4645
9430
6391
1912
9141
4512
7865
3424
4231
7822
2150
213
1901
1464
1907
8845
8602
3415
198
8309
1540
2695
3531
3511
2298
4795
1992
1073
1224
4882
787
1795
457
2857
6563
1544
108
3153
3012
10
1802
7362
7263
2016
7751
1504
1096
505
5735
6301
1722
6221
4947
6015
5248
9633
9052
8947
5718
4156
1424
7922
6224
40
5690
2339
1768
3531
2542
6098
4046
4054
9941
9759
7979
1709
8582
10
7430
2473
551
942
8667
891
5170
1467
2393
2306
426
1512
9707
9934
3520
1928
2633
3750
1697
3085
5200
6039
2451
4139
1871
8269
9776
8126
7619
1991
6193
5310
1350
7782
4911
6546
9907
9431
5222
4803
5901
5842
4444
3218
2736
6433
1632
2733
2408
2244
5318
5534
337
6197
1554
5220
223
5800
7922
5270
1487
677
1489
3509
1662
3736
634
6481
760
2377
7226
9551
7843
8824
1849
8954
8333
4027
1753
5016
772
8044
1648
8750
4341
2412
675
6758
3974
2365
7556
927
1336
1774
3854
2326
2775
8071
1629
3812
7460
9848
708
8088
4821
270
9945
535
6475
3750
7283
1233
3012
2404
2343
4262
818
2054
2511
5016
2525
4116
4573
1762
2596
5035
3471
8954
9161
8331
1763
5763
3758
2622
2604
7798
4570
9002
1525
6705
6352
6216
1798
4385
5554
5317
4549
525
8130
3769
5470
6802
874
1479
1430
8598
2685
1940
1772
4967
5356
2492
4226
2020
7085
3825
8955
2143
4890
7045
3173
8673
838
7162
744
782
9349
3815
1967
2923
5548
9630
7063
2237
2390
8076
1606
4723
1001
785
991
6951
7033
8337
466
897
6859
6170
4280
669
6413
5158
8032
3502
324
7443
9748
5587
3717
5362
3792
1000
4328
4061
2211
1984
7738
7340
9606
4818
626
4986
1837
4802
9926
1315
2956
8705
3407
256
6669
5159
2603
8375
9199
9024
8881
8573
3536
6197
3578
7229
5774
9533
4942
3838
3242
2787
3180
5903
8190
3258
6623
310
1361
4494
7069
6682
5192
381
4577
7341
7151
9014
2524
7694
6329
1696
1495
6110
7012
8862
1148
4354
9153
9153
4310
6392
7123
6399
582
9133
1141
6883
4967
3182
2320
7013
8164
2894
8925
556
1897
5496
1400
3409
840
8389
5639
4901
6205
6271
2490
7605
7011
1479
8962
8493
1336
3204
8230
651
1870
6670
6036
1158
9156
2378
3813
4959
1909
2678
2468
3558
3343
680
2496
2832
6743
8930
3296
4487
9195
3160
4151
2531
1815
9317
1257
2040
8604
4715
44
9455
1806
4121
1474
1242
9133
9026
7878
3170
903
7500
9620
7875
1643
1206
2623
5083
6097
2061
2029
7695
8632
465
6357
1518
1808
7316
349
5050
682
2643
4525
1732
6285
5831
1544
4759
5754
9374
8427
5336
578
7558
5206
1692
3206
506
9676
2971
3758
2032
1126
4227
9134
4225
5340
1296
8839
3659
7110
8635
8586
2132
9968
5249
5731
3184
9661
725
163
7557
6781
2920
893
9021
3378
4584
3654
5435
7887
3687
1255
6290
7058
5182
4532
3906
7508
6369
2050
804
670
6372
2549
7912
2078
2782
8935
7996
1962
7853
4416
64
1668
6235
2946
5097
8239
1360
7828
1363
4433
6663
4642
9322
1162
6885
643
5786
1140
1783
8955
7173
5642
5996
2017
2597
6734
5956
4755
6355
8374
9014
7017
8504
919
600
664
2193
453
8218
9785
5384
1130
7412
5577
6049
4725
4290
6961
4034
4692
5900
7128
2695
3205
7707
2888
1156
8921
6937
7646
3085
5386
6777
3990
6834
847
183
807
991
8942
1056
7259
3107
4433
1989
1314
1199
8364
4812
2199
7938
8493
3160
2515
6034
8325
330
3040
9213
6566
5672
4896
4513
2206
3404
9504
9673
1331
1392
199
905
9183
2698
2740
9100
8207
2530
1943
2700
950
27
7053
9137
7511
5777
8354
1821
1458
688
4035
6440
9470
950
6626
5704
4601
2554
2477
8452
7964
2252
4032
88
2147
2894
2394
4747
5419
1716
7614
9983
9612
3976
3132
7161
2425
2049
9023
4498
4085
6997
9415
8701
2073
9341
1322
458
3828
344
1046
8026
2674
1330
331
5428
2592
1094
4375
3783
7518
7234
6849
1217
2501
2090
2330
3888
4716
5280
657
8935
1478
8866
9174
5907
8990
724
2001
1311
7702
7056
4260
7300
7564
4971
4414
5317
766
8137
3281
3370
2287
1156
8231
8843
4330
6729
1921
6319
7111
388
8831
1509
7164
3902
2519
8628
9478
5523
2815
5070
2296
2665
8685
1370
7682
5597
2738
4114
6246
4560
5698
250
2151
7795
3176
8499
5299
2718
6695
9342
8675
7303
5347
100
8464
1105
7873
5318
4664
243
7981
1745
7473
8539
4571
2148
1646
8946
4592
3221
1327
594
9121
3520
8014
7541
8700
97
9399
6272
7894
4661
8647
2032
8676
1324
953
9172
2878
1250
8621
9163
4545
5614
5818
1279
1381
9434
1013
8530
3790
4
403
3399
3030
164
1579
6869
7419
9519
6111
6071
436
4635
5372
1128
4586
3301
4000
8189
8853
9583
4524
2643
5157
2462
2011
8875
7794
5379
7522
1171
822
5032
2279
4296
1657
2285
7494
7256
9245
4147
7010
7724
6763
9514
5674
1686
1677
118
5229
3479
1870
1367
8494
1588
5295
8505
683
9018
8940
24
6474
9775
7934
8680
3397
4299
146
4341
7817
6264
2458
5638
857
5462
7458
6360
9944
6882
6917
136
3287
1751
8913
7232
5755
213
505
9766
8562
6321
1930
5761
1656
2254
8512
7294
2917
8587
89
8674
9242
1996
8170
6081
8508
4285
625
126
8751
436
4571
7683
614
9415
4486
8467
8938
510
7466
8239
5098
2330
4788
102
3186
902
3235
3184
8255
4797
598
9981
3105
8636
325
1833
6306
2282
5280
883
2838
6613
37
8591
7907
9806
6774
3176
852
552
7385
4650
760
2748
3058
2911
4128
4721
3918
5704
3385
1963
1697
5310
8151
8145
163
3529
4387
8307
5191
6593
4822
5756
476
7427
9654
3188
407
2887
8944
1722
9840
1232
5351
5744
8732
7475
9419
4326
6907
7404
542
8812
8163
2365
4995
5794
5597
4999
8376
7075
7806
4798
4726
3217
9720
265
3062
6754
2002
5944
2534
3180
7238
8953
8621
3645
7482
1131
1403
3646
2449
2340
5748
1000
2914
1201
7198
7400
9065
1581
457
5759
9789
8164
4447
5965
6130
9143
204
4623
1855
1346
8352
2934
7587
4748
9650
8475
4196
1872
9831
4384
2552
3306
3284
3880
9159
1459
192
7625
3073
113
3837
1233
2556
7241
6057
3207
3664
374
335
612
7783
446
532
4001
6191
2595
3007
6418
1282
7271
6328
1556
360
7364
5685
9731
1019
3435
1280
6143
4027
3404
7213
1760
2899
4933
9035
8535
1884
3470
2040
9927
5744
4180
618
5476
9490
2436
7052
587
3756
8331
2693
3490
9081
7548
2047
9457
1828
2545
6247
5938
2865
8533
5840
2532
666
2034
1965
2246
413
7751
4927
242
6452
9676
4795
7000
1220
184
8400
3789
2459
2867
2599
1827
291
8392
9724
4731
9676
6557
1676
6072
8889
8550
3231
6742
6618
6150
9144
1787
4474
2968
1323
8924
7066
878
3887
4292
7949
1559
228
5760
837
9350
9894
3214
2862
7633
7090
3080
794
5591
9864
3387
1469
8005
3922
669
7961
8315
1204
9614
2125
3146
5653
1966
1193
4081
3357
8080
7382
9945
1199
3165
5395
301
3065
5916
4035
2814
3545
4496
8933
7654
4978
802
5572
187
6240
3057
3889
9143
8952
8728
7021
1045
2292
7823
9963
6238
1614
7940
4517
5766
3770
6827
8014
9968
2472
3203
1112
7449
2282
5900
1527
5875
1363
1782
1766
2656
4001
7883
2808
7139
605
5440
2882
8161
7713
1879
7111
6653
633
1225
7187
8181
8652
7266
5325
8343
1420
9965
1462
8248
9213
1139
2455
8502
5235
334
683
636
7583
2210
6808
3158
9019
2142
6260
4726
1107
6447
2197
2518
871
4134
1593
5087
7582
4699
3175
7146
2317
562
9126
1732
9577
989
349
599
7449
3778
3019
4695
2847
1102
2728
3178
1689
1770
2075
5244
5459
766
7389
5073
4655
5107
1229
3116
8856
733
6630
9376
514
8200
4366
4853
4102
3154
289
6190
9038
2746
606
3064
2220
1016
3855
1061
6287
2269
5311
186
4776
3772
5143
4518
6186
1433
7961
404
6257
2208
4433
1458
7700
2169
4120
1603
2846
2267
1035
578
5673
5647
8108
8248
3612
8103
7159
7488
6822
8734
3784
1529
1323
3025
1595
7868
9840
943
3715
3823
4593
1821
4543
9400
4043
6765
2619
4710
5814
2655
6099
2492
435
2504
4717
4255
1495
5443
1591
6563
5782
198
910
4449
3924
6854
9329
4492
4632
4781
6021
1748
2466
267
9674
9866
3278
2362
9694
101
9577
39
2673
244
5507
5582
761
3829
5830
3045
8087
1974
1990
5611
169
6698
6890
6674
5681
7182
4218
7404
5238
8524
6729
2402
3449
3568
4853
2650
5243
3513
1725
2601
9933
7266
6018
5991
2168
2914
368
7843
1263
5297
4447
3399
3409
3692
1094
1902
8899
2778
2431
8274
7326
2767
5265
7242
4244
177
7321
6324
297
8346
874
5456
3504
4878
1736
2622
9395
29
2655
3703
2183
7691
9561
8066
2543
7886
127
3344
9216
1543
2207
8474
5541
6293
9744
732
1347
646
6642
3697
7648
576
6665
7873
5456
9519
7068
7672
1264
8592
2952
4185
9431
973
2843
7427
2313
4937
4142
1506
6078
559
2194
4089
4274
7958
94
1279
8799
9352
1719
2856
3992
3843
4226
1590
2614
7215
3830
6655
4969
1825
3622
7008
9735
9311
5517
2610
3065
7541
7082
1052
8150
3096
4606
7289
5215
2585
36
8684
7086
3020
5025
2433
6089
8826
780
6966
2715
1876
8479
8394
4996
1689
6974
9588
1807
6457
5144
2519
7973
1594
5612
9108
545
6475
142
785
5652
6504
1546
2441
5913
733
4743
7140
763
7710
3504
9593
5477
9767
2111
2257
5899
8879
1883
733
9112
2355
2228
4907
3047
32
5724
4196
4821
3136
5832
3370
8471
2009
4855
1744
1432
6690
930
9466
3206
3111
6133
6456
2606
7807
3229
8156
6132
7293
8243
4484
6024
996
1912
9764
7125
6222
6129
4532
4524
8942
8884
8842
6625
2901
6755
9945
9012
2978
1050
5210
8674
7453
660
9770
6717
2502
7746
9316
8681
633
6974
6272
3368
4261
1213
1469
4649
574
4867
794
2413
6575
1148
9851
8666
4483
2296
7322
3235
6806
7206
9021
8023
6360
5636
375
7945
5474
6214
2273
2129
5804
7253
1225
2257
1918
4554
3867
2890
9462
5467
9520
4927
3833
1877
6821
5978
797
316
1085
7903
4966
8910
7785
4942
6959
2334
8807
4572
3468
3824
9641
3428
1214
2048
4168
6409
3319
6536
5192
9184
767
5249
2477
3260
9173
7738
3487
2778
7385
5143
8138
494
2138
315
7240
3181
7884
8586
2531
9629
8348
5944
3510
6826
9543
2582
1316
2602
5704
6398
5915
2003
1104
7021
8362
9515
7867
4496
6897
6112
225
7666
2311
6010
5354
213
898
7630
6501
479
1474
5364
7098
7047
3119
9403
1135
3872
8581
2987
4200
2485
5357
1579
5827
149
30
548
5843
866
7411
8630
634
4260
8830
362
2301
339
8349
471
6147
661
6957
473
1822
4549
2717
9375
8909
1957
1572
2771
753
8853
613
4816
4558
7796
7265
9663
8612
198
3166
5810
4831
7862
919
8677
7484
8766
9731
6722
4430
1734
9995
100
4207
7737
4326
9486
8986
1134
7288
2540
5193
8661
7627
378
122
3072
2315
6612
2344
484
8377
5966
8839
6896
7656
5301
8831
3742
5724
9765
7693
1159
2996
4141
9367
540
1589
3616
8990
6722
7961
4861
5241
2478
1815
833
9615
8417
1589
363
5557
4357
7804
241
1881
3577
3355
3793
8318
922
3086
282
1018
819
6368
636
1996
7061
5919
173
2513
7834
4447
7054
968
1047
5746
509
8869
7297
2886
4636
9124
1857
2287
5378
4687
3914
6487
6929
1345
602
9123
7320
8219
224
6376
7913
6374
6045
9278
1469
187
1838
2835
4583
7568
4217
4227
407
2452
1429
2007
1296
9037
431
4907
955
2255
9402
2453
6701
5663
7719
8914
2759
7385
1606
7283
2445
2975
8108
4169
7113
5843
9893
604
3200
2583
4779
8146
517
899
3559
3374
6957
6407
9400
3127
3843
2786
2562
3580
6013
1378
7385
6388
1311
9804
5454
1978
5454
1854
6809
4712
9543
4819
8648
2163
4033
1447
1862
8936
272
7323
7455
1110
7452
3004
1027
6652
4818
5983
5242
1892
8057
6480
3815
6016
520
1035
6048
3043
4613
9882
7580
7268
4033
3953
4078
4383
8498
4710
3073
1340
8097
6964
677
1796
9526
4642
3913
6801
1952
5824
9241
805
4169
1314
4170
46
7994
5376
4227
2760
9579
2892
495
4276
4221
6053
4880
8296
8923
2508
2358
646
3550
406
6272
7874
209
562
9602
7134
6149
9483
5687
8968
438
1343
7481
6806
2477
8625
784
7569
8150
764
3031
1488
6581
8201
6309
1862
9621
2867
1066
8223
9025
5897
3848
7015
1911
9588
7045
59
3913
5641
8430
3652
6630
7153
189
5169
9
9783
8606
3604
1184
1266
79
2433
2111
3444
1878
7202
1350
1697
727
3214
6977
1492
8502
6587
7326
8431
1530
5761
7348
7250
643
129
7266
4446
606
86
2230
2122
534
1163
2144
7285
1164
2254
8485
6333
6122
1667
1320
1728
4741
8075
8230
5681
1890
2582
64
3389
6826
3271
5855
462
3761
9528
7779
4047
2755
7054
6380
418
1503
237
317
6831
457
2799
7902
2925
4603
1233
1489
1878
6683
1343
3671
3990
3923
6225
2948
4180
3037
9398
7200
2932
7469
5440
8351
9132
4228
6576
6996
8182
9170
7747
4833
262
2300
5836
8162
2476
3902
4341
267
5116
9234
3793
7022
5148
5538
132
3554
109
442
1492
1984
6590
2482
1153
5616
7997
8330
772
9748
4895
2215
4772
643
8595
141
2606
9897
1282
4397
3590
9740
2297
5250
3353
370
4922
5926
9381
7602
64
6730
219
872
9330
3302
1348
9885
6826
237
2306
4837
4310
8645
4856
8075
6894
373
429
6571
1607
1952
1276
1214
2167
4994
4655
331
5050
840
446
8331
6357
8693
9555
126
5017
5457
3168
8989
4154
9764
8851
6368
6145
9189
5704
2209
6414
1260
9935
16
7218
8990
9392
3512
5820
3370
6716
4657
3234
1519
9494
9895
883
3297
6786
4380
1787
2732
7917
1674
870
4136
9694
5740
1624
5598
1946
7341
7997
8473
2302
2128
