5018
8090
9295
3349
2693
2365
2891
8341
7398
8133
8534
325
6963
1035
8282
5351
2497
9732
1046
7760
2898
921
8656
9017
525
7943
1407
7780
2093
3607
3191
5356
460
1984
2406
3264
7522
9964
6863
5793
3608
9497
1829
5530
4786
3905
8986
6896
9949
2124
9544
5033
7861
3636
1792
8658
2651
729
9090
1708
6388
5302
556
7510
917
3012
2502
2161
6221
5197
2509
2176
9924
9236
9470
6062
2147
531
4086
9333
1860
4645
9287
908
12
901
8030
4896
2981
3383
963
8295
7009
7254
3297
3409
6683
3565
8902
4111
2000
6009
3117
905
447
9390
2906
4074
9085
682
1398
9103
1564
6103
2044
2736
8253
2501
7906
8158
579
2439
2844
8286
1610
7453
4557
1812
5208
8866
1360
9748
3923
9559
935
5572
3667
3759
2321
7206
8105
8876
9393
4517
6784
8138
1084
1662
114
5739
1540
2434
5054
4499
9283
8984
6473
8644
5369
8888
8947
4205
3898
5189
3516
2222
9490
4410
3079
7280
3867
4121
333
3315
6128
4064
245
7991
1186
4318
1122
6062
2475
7428
6558
66
801
3182
5878
20
3582
2676
901
6005
6509
3116
9237
9592
8503
7523
2723
7719
7967
7276
4899
1413
4779
6408
5221
196
3093
1127
2662
3672
5536
1949
5785
1404
7726
232
5495
4451
465
8625
149
7986
3457
4465
3702
940
7278
7958
8256
141
3783
151
9555
7036
9178
3780
3831
7658
6284
9073
1349
7984
1739
4980
2281
4681
8050
509
694
9563
4109
5126
3547
6700
7742
8427
1989
3058
4703
636
4805
3515
9209
4481
1747
8798
7204
9661
5971
6114
7280
2325
5191
2094
1684
147
597
3361
6805
7110
8235
9427
489
4140
6800
4299
8331
755
3340
882
5858
5117
9114
1335
8110
5794
5853
6229
163
8330
4850
4130
3033
9915
4661
8314
1090
2943
8598
3740
4990
5226
2876
4562
3468
6107
618
8535
5698
2689
1154
1332
9870
8368
5704
5467
4158
7875
5944
840
4477
2548
4219
3108
303
3594
1621
940
799
4579
2994
482
5110
2
5235
242
6495
7802
4564
7224
4585
9260
1296
6080
6525
4765
2406
7837
8688
8300
253
6127
3387
1410
1142
47
3513
8907
3170
7948
6769
9828
5508
8315
1173
8678
1159
9882
906
6178
5971
1014
5705
6524
6556
4942
725
3325
364
3207
2846
2900
1171
6497
3557
6957
8764
4778
6897
9653
2257
2066
81
1949
1169
2031
3155
8445
7889
1650
3157
2826
2721
8921
5738
1562
1120
5254
4191
472
4035
4704
974
1300
9090
1112
1235
3101
2467
7199
7885
6193
2604
2470
1399
7764
1091
7558
2536
5823
5128
5698
2055
9515
1541
4489
5635
9710
1636
5264
4835
1733
5650
8288
1689
1379
259
43
5020
3929
2022
2805
950
7143
1018
9249
2043
9809
6929
889
9531
5589
6740
322
8762
7116
4167
7935
7854
2863
1679
7973
4616
1117
753
4447
6807
2042
6156
3650
6937
2634
2202
2692
996
6606
5075
9
1220
2493
5347
8078
8629
775
3517
4106
5092
3910
1184
8465
8049
5638
1753
59
1688
8967
968
341
2416
3217
9655
438
3058
5351
1097
788
9966
8014
8208
6039
9419
7632
7394
3551
4751
8204
5948
6546
7982
1121
8183
9193
8917
1979
3754
187
5481
268
2928
7658
8875
1391
556
3661
5647
89
4570
1085
5774
288
9080
612
6089
1681
9125
1794
2622
8493
8680
6354
1184
9076
9604
525
6354
4085
7579
3470
8852
5715
7648
3686
6977
3004
3890
7488
1016
2263
2870
3175
7834
6140
7747
3446
259
5737
7140
2897
173
4977
3290
1459
9105
2743
4896
4007
528
9644
1747
4234
9777
2341
2849
8545
1787
6593
545
839
6133
1930
5716
2250
4299
9305
3962
711
548
8303
6888
9778
4067
7553
1048
6235
8507
7267
5122
2942
7574
2905
1706
3257
8583
4586
634
7955
7102
6182
2177
1851
3085
3785
1676
3566
2057
1776
7172
3326
6227
5292
8824
5423
775
9909
156
2579
6804
5200
6354
4537
7901
1908
8137
530
5184
2601
883
468
8229
4050
763
5106
3545
5469
7094
5212
9500
6569
985
354
8919
7255
2252
3951
1666
8452
8510
4996
5461
966
745
3298
7885
7412
342
796
5682
7339
4020
4701
6439
9038
1814
8870
7073
958
9931
3642
3755
491
3170
1149
8137
9385
1484
6778
7916
8918
2628
3812
9366
3627
5453
2096
5406
3970
92
6945
230
5463
3782
7636
43
5473
6698
6157
1117
9939
7618
2609
3456
1374
6726
438
5745
7050
9681
920
9437
2533
1496
1965
5759
2426
9257
1099
4312
2693
3312
3848
9636
8278
9984
6322
7786
7012
9248
9201
2708
8437
6435
4234
3201
2539
6045
6005
3191
4721
547
3457
2108
1542
6562
5446
4231
1241
8706
1611
5491
182
5628
1129
7060
1727
7450
640
2684
31
223
1145
6768
2651
8743
3467
1863
6634
2447
3778
8115
7047
2792
9837
6083
1988
5128
5622
2263
1360
3666
9464
3030
4060
9591
9324
781
9163
7085
1604
2025
1929
7311
2652
7799
1726
1909
5326
1513
1794
6949
1669
2204
8851
2282
8340
4712
8164
2500
8615
9688
5945
1776
1626
5290
2976
9146
8185
6969
8578
5872
1992
761
9435
2360
8068
3730
5605
6613
425
1265
4412
7494
1270
5035
1294
8816
4542
8388
8161
5373
2528
1456
5561
9525
2361
3831
2138
3468
2216
8606
9835
5803
5715
3651
9228
6915
8184
9305
2713
9616
4982
6197
207
8955
1693
6840
5711
2114
5155
3471
1089
140
6377
7639
954
1175
4301
4485
6705
5893
4065
9333
8511
4951
6748
4192
7317
9448
5776
9924
6114
5453
2508
127
7620
362
2962
1899
6383
8601
9723
2289
1548
4584
1162
3431
1972
7072
2911
7355
1166
6685
3901
7909
6517
1931
4669
1848
7965
8125
68
7802
5207
4740
7651
8373
1651
3214
9854
7916
1157
9084
2319
6977
700
1721
7099
9142
8639
2568
3717
211
1032
269
5570
5448
8709
1439
4653
355
3693
5276
2268
8580
7873
1405
2355
7759
8323
3164
5287
2178
826
6612
917
104
726
5959
852
7437
5618
4629
7849
3395
72
6300
4905
8180
1817
5947
6404
3881
812
156
32
7482
1095
1617
6932
1079
6380
30
2470
9863
6358
5847
3559
5742
2068
1403
1069
6100
7749
5233
2033
7684
309
290
1419
227
9975
8472
3530
9170
9427
8949
1928
4852
6498
5927
8990
9860
6664
1627
5524
8497
2288
9231
1115
9467
3422
1852
2847
3571
6209
9668
295
5358
3096
8520
6606
2523
1959
877
9703
629
2362
304
9581
8922
5881
2664
4505
9901
2732
6091
7783
3497
1633
6979
4523
8359
44
2498
4960
2338
7886
9300
7793
5737
2505
357
1180
9428
3954
5571
5891
2475
1768
1492
2757
276
5685
7931
5053
5739
1939
5095
7337
2630
3744
8156
3086
5466
8213
8230
937
8312
1539
507
6985
5804
6399
5937
9531
2120
6784
9969
4198
2124
2518
2250
441
9081
4221
6680
6738
7878
8194
8934
417
3250
3686
9601
1707
5339
9697
3631
3523
9759
7801
4049
5926
2352
3666
8485
8037
7965
8680
335
6793
8496
1579
9240
3602
1698
5514
1639
6800
1093
2596
7600
774
1667
90
7002
7052
1267
2825
214
9140
7293
3015
7388
8271
5374
4220
1992
2289
2845
5283
9013
1442
2014
5872
8824
9654
8535
7156
8849
5312
6130
3871
2477
3074
2707
69
8288
5224
8042
4181
8113
662
6650
2630
2374
7742
9131
1762
6306
4327
4366
1336
7820
5978
9072
1644
5986
2463
656
2450
7661
2408
8003
7931
2950
9500
4616
9839
234
1319
9192
8604
8234
1247
1456
3965
8630
3658
3858
2719
9275
8175
1417
7296
2955
3834
7564
5096
940
644
1476
3805
7971
1058
2161
7249
9794
380
762
255
2928
4337
4212
263
7336
9433
7686
2821
6325
5403
1290
5609
4604
8769
773
9954
5626
4040
4123
7292
832
3724
9533
6572
2988
5364
6628
8089
5178
794
4099
5118
4234
574
6872
3277
7412
5739
6435
1334
1706
3497
4666
8904
1228
5797
2636
9047
3122
2926
2420
2015
4197
5985
8481
7976
1999
3960
9860
2202
9269
7806
8233
4563
8097
1926
2442
1095
1845
5436
3920
6279
8797
220
3195
405
2244
5395
1252
6183
3274
7955
1025
1306
2036
2618
7097
7112
3764
1076
1817
2365
859
3856
9126
1671
3468
5889
2163
5420
3715
7478
8709
7377
4934
4524
357
6168
443
2915
8758
3145
7226
1118
3849
9300
2276
9103
6509
6021
6964
9314
6730
681
3972
4440
5088
4161
916
7255
3243
6213
3031
4496
7258
8987
3534
7122
64
504
9
2925
2410
3589
3898
8313
2467
7318
4237
3528
2965
1383
6982
8569
9264
1975
1257
5966
9552
4394
8783
1953
2697
2762
6728
6642
1142
4574
5788
9860
8804
4285
358
6441
7352
5812
1059
9963
5496
6007
2471
9805
3368
1749
8050
4337
1123
9327
7825
1291
6605
2138
5959
437
7975
1538
1438
7748
8755
545
8968
4651
3496
1105
2299
3695
8312
1054
4253
2092
288
7040
2923
4454
1439
8615
480
481
5515
7912
5717
789
4385
9032
7412
7068
795
3878
5185
8094
4679
7949
8123
6240
2565
1113
6335
1368
7905
9659
5102
6324
162
344
1232
1515
8786
9815
9593
2627
8848
2858
1131
213
7218
2428
5884
735
1614
3837
8458
2712
3083
9706
1612
7737
8707
8256
7130
890
1100
2145
240
9883
9944
6872
9967
4244
9369
6122
4020
3070
9033
8623
2733
5604
6249
479
201
1460
2392
9264
8672
7547
7719
1679
1107
6784
5050
1964
9045
1839
7985
907
5146
7289
3192
1368
8623
6809
7804
2955
1242
8635
5487
5148
7811
3912
510
5353
6963
1029
1057
6262
4635
525
5762
1604
4361
2155
7298
2693
6135
4077
6536
8511
5845
8662
507
4063
3624
899
8291
368
978
1744
6362
3404
1651
6843
1385
7249
1616
7897
7040
7496
3156
4327
3974
9090
4133
5460
6050
4692
1080
5614
7081
9397
8903
9722
153
1750
1090
1880
149
8593
1796
422
1314
916
5399
7011
913
7616
7386
7815
8511
1117
6898
7010
7001
6689
6495
8370
4484
465
7329
1977
2299
8183
6970
9021
202
9476
8534
8802
587
4199
5576
2757
5967
7935
966
1786
5184
1470
809
9369
5140
6302
990
4148
6308
1592
6368
8157
8974
9075
1417
6837
2760
1354
7702
7944
1926
3314
5931
999
6397
2234
1975
5205
217
1267
585
4983
3708
6770
6195
3974
8104
6019
7486
535
9551
2864
3679
2157
7401
2307
2344
1388
4150
8345
7602
705
8100
359
7417
5953
5027
4081
3960
4287
7159
8744
23
6866
1118
8884
6706
8646
1779
4259
8140
1873
1202
2513
1668
8841
3612
5736
4343
501
4509
2153
3718
1585
5773
1500
9593
3126
740
1301
7811
6585
6930
6456
3672
9683
8862
2285
3277
6001
7580
3271
6095
1388
3620
6114
9655
1211
5729
1499
4732
8264
9767
4261
6410
8769
2425
3113
7682
1200
1226
93
353
9821
5634
1512
2853
2130
1811
4389
2925
5951
125
1862
6960
447
1518
491
7505
634
606
7220
8834
749
2667
5251
1047
4967
5344
5365
2140
5302
3755
1298
4489
6241
8111
4818
5812
9351
4423
1715
440
9544
5532
8793
7734
706
4729
8805
2857
1311
3836
1546
3358
4940
2144
3115
4611
5725
2249
2216
4815
2544
720
5931
8131
1999
704
5534
3264
8474
6272
3728
9465
2356
6962
4920
649
1964
971
1624
2200
272
2515
4149
4714
5341
1183
3254
1865
4954
7902
348
20
6485
2401
6881
808
7774
8495
3844
78
3075
4823
1763
3109
8331
5239
6586
9330
8775
7548
6923
7028
7382
9707
8494
9005
7368
8960
2940
878
9398
3029
8534
3458
7135
5894
4444
4287
2614
5298
3722
5288
5946
7124
1797
1638
7014
8226
3927
4327
2138
2422
7319
456
873
2748
6301
959
8422
5931
2388
268
5864
9863
8273
530
3717
1718
3555
1952
5630
1970
7403
7621
9095
878
9982
323
8011
2525
5336
5891
2269
3135
68
601
738
2173
313
537
2349
5975
8151
1962
9530
9372
2083
6331
4671
2746
2094
2195
4304
4263
8141
5501
979
607
7109
2212
3763
3470
229
1195
3064
2352
5369
8897
6407
8327
4299
4626
4982
8094
2492
8433
99
8492
1812
117
422
4202
1511
9489
643
3272
217
8745
9268
4253
5842
1970
5079
7902
9045
4345
3172
3393
2526
7319
6306
1986
5818
1507
8602
870
6780
5464
1179
1198
6493
840
5072
9198
6195
8849
3327
527
1702
2400
852
2113
9023
2036
61
1397
6017
6372
7687
6394
5484
6691
2761
5430
7919
1922
1935
776
2559
4919
6442
4668
22
1613
9174
7662
717
5836
28
1826
6156
138
1833
1299
4129
2626
2415
2731
3632
2468
922
9379
1131
5614
2630
2443
210
777
5695
6636
3244
6438
9624
3116
6246
2475
800
5714
8747
2089
2322
6170
3701
8096
1997
2347
8819
2805
1444
3255
5403
3058
870
8259
2690
462
3903
1080
554
2672
7040
7930
2427
206
7294
1191
8342
5930
3399
9057
1365
2560
1850
9599
9943
9337
3110
913
7082
2180
9283
4755
8634
4421
273
5764
1866
9230
4638
9831
5072
9133
9580
3721
8341
2486
7154
580
4973
3107
3473
2980
7060
7209
3082
4121
7050
1085
8926
2236
5857
903
5366
517
6116
837
8324
8044
6698
4915
2954
1454
6443
5850
1674
5426
1090
2855
4205
6173
8596
3133
5672
3427
8960
2077
6091
479
5447
261
4108
6677
9486
2438
3028
5334
7201
747
7896
835
2635
3831
875
7446
5604
974
9826
5117
953
5895
6280
2664
9922
3760
3858
4230
4832
9283
8246
3691
3814
712
840
2484
1417
3562
2901
2734
6731
1214
6612
4995
2532
8369
9417
806
4514
1282
827
7218
8387
5040
9577
2414
3456
2437
6649
3268
5389
5955
8049
4739
7390
446
6682
257
8044
8826
8449
2212
6103
70
1311
9267
3886
8698
3500
6040
3390
8781
2383
8505
7416
7034
7593
7591
4726
771
3572
1847
7678
8070
4070
3344
9671
2703
2250
8483
4860
8863
8736
306
4976
1004
6979
1978
4369
8297
876
850
9007
2407
1413
873
542
859
2193
795
7515
8370
6138
6389
1692
9379
7707
729
9643
2116
6304
5236
3075
4848
2890
6750
1259
5703
1655
9345
3524
6726
9361
7214
3630
2488
6821
9644
6608
2653
5304
4434
6631
7931
7845
135
9294
6946
3194
9624
8383
4708
2356
9242
7465
4037
1175
5553
9427
1711
8755
2704
5536
8553
6835
3074
6083
1817
1192
8648
7396
5256
4453
1347
675
149
3100
6981
2525
1148
3130
1491
9694
4504
4830
6046
1286
8694
5615
6691
2206
9037
9215
5743
4764
4427
5082
3414
7909
4577
1860
678
9331
5890
2770
8648
6503
4344
1063
3175
2529
2904
7410
995
8398
9687
5670
1848
1360
2700
4907
1643
580
7383
7651
37
209
1075
415
6420
9981
2953
4306
8110
708
9557
678
4951
1995
5068
4574
5620
625
6446
1532
2608
5879
9833
500
7968
226
9406
2273
627
9327
616
663
6748
2742
7465
4744
1778
8658
2215
1530
5671
0
9032
4201
4840
1589
1034
8457
8037
8309
6551
6591
6770
9010
9750
1393
8077
2290
9316
3770
8129
7012
9525
5763
458
3412
6950
5582
7914
6861
8405
2981
5979
7550
3172
7731
1637
2448
2345
6752
9266
6183
4073
3747
9889
5687
5639
2403
968
6601
2407
3823
1838
4925
1832
7983
9800
674
5121
506
4754
229
3419
7321
6768
3879
9680
2956
2933
8290
4338
4411
1571
2252
7647
9760
2644
365
627
4036
554
2382
4734
9686
946
3682
7720
8803
6830
7626
3650
5458
962
963
4383
6896
5359
6914
2964
9932
5055
8324
6507
6675
8496
1935
9214
4222
1685
5757
3074
8778
3097
3498
1201
8681
8917
2155
5997
615
3187
6465
290
6448
6708
5055
9819
6032
9728
920
7352
6011
300
8317
8047
6926
2545
8054
6800
2325
5162
62
9965
31
2749
2916
1721
3727
2414
4703
7936
6100
5633
5105
5032
9547
8127
1216
711
1043
7434
8641
3877
6913
2468
5061
6771
533
269
5305
3436
6557
2732
8041
5211
8713
8784
2085
6749
575
9607
5014
1736
6080
8814
3330
9484
1962
90
4718
9433
6383
9463
6388
5186
1190
6863
838
1265
4849
6109
8561
1002
7775
2786
2709
7956
9426
2824
6020
2821
579
166
5033
2525
3365
9731
5563
263
5431
7278
1858
827
6798
8077
8954
1703
227
7524
1718
3200
904
9625
1798
9155
2433
2454
3643
5968
3217
8846
2682
2554
7922
2500
4960
2360
5513
7736
3637
5600
5593
2035
7188
6660
5175
4501
7466
9933
8238
7229
7565
2248
8948
8265
7471
862
4284
7598
5907
9480
3118
1482
7439
3571
4084
9288
6018
224
5462
2837
4024
8735
5384
977
6283
93
1922
1239
461
6923
5040
256
3732
6706
1212
9060
8837
5171
5449
5587
5588
2884
1377
7716
4762
6808
1681
876
3224
9261
9202
4625
3371
684
7804
2223
1280
6749
1127
9755
9418
7498
7746
6854
2130
2868
839
4164
4863
8907
878
2525
9798
266
3922
6884
2067
9281
3393
182
2617
5080
8103
7813
198
9616
6989
2630
4267
1948
3326
24
2154
5328
7371
1543
2928
2889
8495
3615
1926
9437
2821
3252
9443
2644
1433
6209
5876
5783
7500
3328
1262
216
8284
7770
434
7634
4371
7791
9427
6867
3807
984
6661
1863
6690
4810
4550
1382
5755
9806
2737
209
4661
4112
3680
2425
5502
5268
2882
9953
2346
7936
8942
1365
7849
3910
1879
3995
6982
2032
6432
3448
8770
8385
1106
4630
2385
1417
1979
2661
8947
249
2953
752
2613
2952
5464
17
2473
8757
9960
7672
1875
7598
306
2152
5814
1841
5276
2962
223
3953
8748
5029
6399
5868
9993
1702
5663
9322
5688
2429
8079
344
2870
65
191
3589
3233
7221
5138
6492
316
3666
5632
180
9954
5895
3179
1221
474
2111
1252
2588
2556
6338
6862
9424
3540
6158
6099
758
2708
6087
2375
2306
2959
1532
9274
1343
1987
7228
2737
3409
102
5977
455
5049
9045
77
2928
5128
3033
2330
3902
9543
8906
102
1240
167
3832
8230
8871
6693
2792
1498
3043
1776
28
3546
4574
270
7751
1231
9263
9563
7343
421
1553
4772
4228
4639
8957
6227
2079
5052
3766
4092
6030
441
8131
7095
7600
4855
9218
9599
7788
2382
7739
1210
3831
3345
6403
3162
2037
9044
6850
7364
7471
8892
9735
3422
1478
919
7146
2302
9687
2252
338
2545
4256
5635
4280
8794
6210
7351
2444
7915
9495
459
7799
6488
8757
3180
2369
7082
148
181
2387
4338
6093
1064
335
9343
2260
2716
5359
9025
5335
4754
412
9951
3863
6429
3952
4502
1206
9281
2221
1586
9041
6074
9311
306
6609
1376
8448
2295
1181
9386
4747
8670
7922
2689
9827
4079
9061
2454
2372
4420
376
8391
842
4557
7227
494
5090
275
1541
5818
7821
2060
276
7570
2044
6016
8289
9575
3448
3337
2487
1721
6481
2592
7845
2829
4746
6213
2626
558
4482
1630
3569
2306
2390
7189
2213
9662
4853
5595
2503
7148
5813
6753
9141
6379
3284
3785
413
4424
9009
3480
9675
8556
3820
4527
2623
5558
9995
7530
3026
8843
1663
3385
8315
4491
343
3565
2173
5462
9619
9525
7859
9534
1131
4585
1535
4702
5697
9974
8702
6955
6835
7500
4912
1579
3286
6948
1959
3796
5008
1319
3054
6053
7573
8603
8189
7946
5589
1982
2554
3580
2211
3480
7713
7016
6008
5980
2679
3362
9465
4991
9052
441
9767
3372
8623
476
9542
2984
4662
3773
352
9602
9294
7861
618
252
8640
1752
4615
8400
1525
2171
7436
2301
9579
2483
3813
7329
520
111
1222
7132
6462
1465
5171
8882
2256
9097
2004
881
6948
6731
9427
1443
2121
9634
8424
1958
2523
9997
3975
1355
3813
776
3784
4876
3911
3830
7976
6529
9560
7934
4046
5348
1645
2691
1553
9476
5514
5449
3767
8471
5208
9989
5697
3572
168
3668
5062
9696
7335
1151
1356
7046
9635
8637
4494
748
7501
569
1995
2980
5327
8438
3003
2641
1648
7328
7479
411
4661
5
9913
7012
7707
6948
5458
2523
322
6420
8283
4561
748
5928
3438
1483
2998
4689
3718
7351
86
1685
7732
4818
4374
5695
6836
5433
6464
1895
4351
143
1451
7396
1969
4574
116
6014
606
8033
3264
6809
3361
2
6769
1119
6341
1104
8935
2029
360
1699
3273
7777
9885
6147
8741
5170
9041
2501
724
688
6399
4167
1425
1950
680
4351
2748
4446
8637
1343
3466
2379
6479
7355
7887
4060
714
9390
734
7912
9772
393
8848
2757
3212
5342
7027
7558
1257
4973
933
4084
3457
8413
1154
6619
3236
189
554
7273
7111
730
887
8674
8573
3076
5693
5400
35
5789
8242
4826
3755
8993
7696
2778
8075
2284
8857
2179
8182
1865
1003
5770
956
5847
996
5124
1582
8289
8663
73
9189
9373
2047
7095
1491
8740
3652
1866
3385
1252
9564
3883
3323
7107
3651
5607
433
7285
2110
3585
9887
1776
7789
7210
1624
5406
1263
7040
1342
1666
6842
7269
8093
3022
8955
7041
9065
2741
939
2427
8213
5469
8291
1428
1477
9463
2417
9556
3542
7697
5691
7721
1196
3963
4483
3181
3789
4762
7132
7175
1821
9530
9500
1061
2648
631
7411
9305
9879
9661
8603
433
3725
4094
7344
7964
4897
8676
9873
713
1794
2376
2296
226
3382
34
7223
7306
1379
5858
6499
8962
2609
671
8453
6962
47
2654
1470
1606
7893
901
6795
1478
3034
2592
5130
5387
2248
9715
1004
1247
9645
3377
2876
6437
9699
6717
1246
5449
1154
6608
8283
1064
8675
6234
7388
8259
9240
1052
1749
8592
123
5749
1381
4466
2085
4091
6618
826
5872
8204
970
3869
1615
9798
9407
312
4316
3092
1971
2322
5474
6426
5197
3537
5276
5251
170
9856
3085
3752
4351
4607
8962
5844
94
9915
1349
1526
9496
2800
99
3815
2338
4604
7824
1165
4890
1045
8921
6127
2220
414
1227
697
976
1670
5810
1874
5302
8898
4501
188
1941
924
1552
716
8080
7819
2433
8267
8011
2293
1240
2412
2316
2787
6760
1279
3349
4756
6115
5141
6689
1060
9205
1845
381
3838
1199
5374
1465
1376
9239
1294
7135
2974
7022
2243
2355
9785
9779
4720
4667
7218
9286
3906
9986
5530
4207
980
5367
8955
3248
4575
251
7836
264
2726
3659
1953
506
1841
907
3826
5885
1207
7412
5885
2645
194
7342
5198
658
30
8530
4110
679
1635
4601
6025
1550
8771
1481
3620
1354
6757
2418
5935
2557
6003
387
3784
5851
6321
9891
3328
8622
6639
2972
4482
5979
1153
410
6753
2406
9309
4149
7505
3842
5749
2827
777
5771
7429
1555
5655
679
3599
4573
8324
8138
4773
2861
9562
1961
2375
2713
275
1698
9198
5041
4980
5498
7896
5263
7690
727
1941
4335
3331
6415
2593
3200
1297
1152
1235
3708
3354
689
2132
1045
1284
3592
6405
9936
911
1086
2523
2150
8370
497
7532
1400
3291
8889
7246
5780
4562
1389
509
1222
4445
2486
7022
4432
713
339
5971
7084
3015
63
46
5265
8869
6640
9768
1493
4687
4689
6100
82
1862
2163
1792
9788
5024
3055
6684
481
9999
5760
1871
2434
3398
2591
5622
7106
9930
8814
621
1852
6790
6696
4611
842
6753
2297
6937
5667
1907
5146
332
5796
5542
4976
8099
2803
9946
4118
6043
8063
1644
8040
4385
9388
2439
2018
6255
6446
7627
4887
8443
6436
9293
4934
8220
3255
2847
8410
7023
1619
4978
2353
2025
1525
282
48
1309
2997
4753
7413
3041
6326
3214
5261
5148
6220
9671
9735
7442
621
4100
9704
8659
8587
2070
5568
8385
3697
6680
1197
5105
2300
4309
9887
5876
300
7498
1323
550
9483
5837
4724
4982
6013
1743
7287
4456
1929
3966
3926
2823
9671
1886
8
7535
6010
6360
1374
7738
6928
19
2473
5000
6151
6163
538
7237
9170
1919
5578
3686
9629
6519
7051
9828
6973
4806
9582
2412
2699
5588
9223
1158
8275
5135
5375
1765
5736
7564
1576
4030
651
712
5814
2028
939
2036
779
5507
5983
6048
2419
4548
1826
1510
1842
2353
1997
523
7675
9554
6812
8962
2242
790
8522
242
8212
7854
3054
5240
150
7366
4442
5456
8699
245
7153
7584
4602
3512
1530
1237
7055
8474
1026
755
8529
758
2982
3095
2692
688
8033
975
8816
7953
7139
7980
993
9969
1507
1415
6448
5738
823
5954
8674
7979
9073
8160
9680
3658
4011
3847
4759
9534
2135
1125
2992
2827
2000
7265
1363
2127
8389
2675
5687
9533
8263
8599
1789
2088
5665
2270
110
2258
4183
4454
8882
1221
4770
507
131
3474
3499
9085
9169
6073
2150
5348
328
1464
5762
8321
478
8919
3694
2039
9889
3699
3438
3962
9808
1385
9421
6455
4457
6854
789
9284
2531
1309
7805
1065
4829
5608
242
9935
1223
2402
3562
9688
4847
7461
8389
4864
2431
2079
6324
9506
6596
7579
6079
3710
6019
2077
6625
1241
2023
5646
7079
2085
5662
7241
1065
1507
788
596
824
2694
2992
1571
7113
3498
4542
8425
8640
8805
9677
1361
1376
1372
2970
5117
9778
8025
9756
1580
7685
9132
4561
1569
4133
5040
2681
5058
7391
6592
5314
1326
3075
6969
1075
8130
2875
4129
2158
5390
9916
2600
271
6323
4970
4702
5386
2608
0
5942
5956
6046
4032
1257
272
2680
3208
878
5293
3999
8950
1848
3854
3037
8398
2912
3210
8136
873
7557
6885
1738
3024
2018
639
6958
2553
2415
9435
9773
2385
1498
9619
5898
8123
6743
3802
7691
7432
8405
6338
7578
3399
5892
9376
8858
8367
6756
7196
845
3227
2223
1597
437
6181
3369
1732
4762
9526
2663
7159
380
4444
4815
8578
298
669
574
4553
2130
4572
1439
3185
8041
7722
874
2991
4269
1966
9740
897
2553
7544
3494
6684
5113
9474
6280
102
9967
616
7759
7045
4389
3866
9324
1799
7140
3407
5735
8372
4948
9805
5412
4336
9141
8854
9269
6101
2638
52
1952
3313
5524
6921
898
684
4509
5936
3684
3437
7077
8808
4173
2333
5808
210
6233
12
5825
1865
1065
4786
9147
5714
762
8361
598
3060
4314
1017
6917
889
1256
740
757
6549
892
9652
6952
4935
9063
1185
6563
8110
844
2711
2068
445
63
5079
8953
2594
6172
8077
1149
9524
4011
3890
868
2091
643
6499
713
5684
1597
7842
3525
7109
5163
3323
8659
1550
9208
9466
402
785
8097
8779
7419
8947
1413
1698
8931
403
3753
3436
6963
5866
2223
693
5446
4260
9815
8827
9987
1982
7462
3811
5068
4768
1255
651
966
7198
1456
3392
6538
5657
1494
8657
6763
1963
1427
4627
8601
3891
1734
6343
3253
1245
3004
5833
3030
3366
319
2426
3051
4734
1116
1743
5362
7791
9176
7035
4793
9006
9221
1979
7187
4271
7986
4145
7357
8686
1793
4228
7841
7147
4974
7654
3499
5109
44
1973
1050
4234
337
3702
6105
9069
6437
2031
5887
7162
8631
2627
7251
439
929
4308
532
267
8685
9028
1577
7411
1976
9228
9732
3586
5254
2977
1836
6009
7574
1843
3979
1015
2215
3816
4933
4755
9547
3433
9626
7656
3483
8491
6734
672
3852
2289
1799
7236
2704
3536
4150
6611
5824
115
1626
2113
8520
9904
1985
9905
371
2074
9489
5046
5225
4840
8742
3431
5414
9239
5532
5074
4525
7675
2288
5218
5804
668
1106
5331
2242
4350
462
6629
9423
1281
2379
9887
411
4171
1090
167
6522
8290
6755
2527
3869
831
3558
2450
9548
6639
4062
3471
9476
2443
3618
5300
5147
2555
6686
8495
268
135
2711
7986
4943
4414
1278
629
3495
1802
343
336
7427
19
3691
9609
8509
9523
6059
9963
8007
123
7173
3464
8520
1508
1708
8479
3553
1128
1667
625
8372
8769
6522
5841
2327
2338
4652
1851
7269
2501
1592
295
5030
9621
9711
9005
1969
3406
9742
5370
159
7009
2796
1156
465
2796
6501
2491
6004
6857
6217
481
5076
9046
4335
2763
367
9637
334
8248
8156
6885
1805
2866
4588
3984
2968
4450
3999
1414
1526
4409
1450
219
3130
3676
6584
3452
1991
5247
5262
4120
9239
9542
4132
4508
6477
424
5632
2031
9354
2149
9509
5856
301
2745
4668
1133
3118
705
4049
8933
5149
2990
9570
8271
3574
4711
5076
9837
56
996
2935
4588
8374
313
7914
7917
8398
3439
769
841
9784
3065
4374
1231
1521
7573
1615
4690
5785
8018
5727
562
7769
8897
1054
9751
3801
3439
1069
1989
465
2465
8405
8300
9998
9089
8496
8480
7896
1065
667
4681
130
2605
9961
9579
7793
1326
5083
5576
8096
5963
9567
116
595
2859
1287
8842
4987
2825
3852
7470
5338
5951
1602
9826
1991
423
7645
4621
3428
7197
7364
7768
5934
5096
406
8379
8261
923
3578
312
8685
6839
267
629
1027
1940
2356
7024
1508
4095
5176
9214
9147
694
8533
4869
969
2658
1290
8443
266
3140
5142
9919
1477
8659
9539
7094
8260
7925
612
1016
4918
2268
522
8812
3281
1683
733
9681
4780
2265
953
447
1483
7805
8519
1965
2284
9627
5054
9572
7106
2069
8825
1012
9775
5206
8122
4406
4408
5763
5775
9874
132
9363
8885
8897
9461
8432
667
9493
2186
606
6792
840
5364
1340
8655
2482
5559
4489
1489
8543
6691
105
4851
9297
2580
2136
3842
5442
2279
8046
6437
1900
1935
3491
6371
3260
1254
7013
9716
9204
7079
6183
6924
8209
5084
4460
9349
5084
6387
5893
4539
5108
2423
5240
1902
7548
380
642
8548
81
8730
3021
6046
3248
6670
9349
924
1797
3773
1351
3218
2694
9851
4316
6349
3425
8364
7733
4321
2340
6328
3511
3381
1004
8356
105
