0
0
2
2
5
8
9
9
12
12
17
19
19
20
20
22
23
24
28
28
30
30
31
31
32
34
35
37
43
43
44
44
46
47
47
48
52
56
59
61
62
63
63
64
65
66
68
68
69
70
72
73
77
78
81
81
82
86
89
90
90
92
93
93
94
99
99
102
102
102
104
105
105
110
111
114
115
116
116
117
123
123
125
127
130
131
132
135
135
138
140
141
143
147
148
149
149
149
150
151
153
156
156
159
162
163
166
167
167
168
170
173
180
181
182
182
187
188
189
191
194
196
198
201
202
206
207
209
209
210
210
211
213
214
216
217
217
219
220
223
223
224
226
226
227
227
229
229
230
232
234
240
242
242
242
245
245
249
251
252
253
255
256
257
259
259
261
263
263
264
266
266
267
267
268
268
268
269
269
270
271
272
272
273
275
275
276
276
282
288
288
290
290
295
295
298
300
300
301
303
304
306
306
306
309
312
312
313
313
316
319
322
322
323
325
328
332
333
334
335
335
336
337
338
339
341
342
343
343
344
344
348
352
353
354
355
357
357
358
359
360
362
364
365
367
368
371
376
380
380
380
381
387
393
402
403
405
406
410
411
411
412
413
414
415
417
421
422
422
423
424
425
433
433
434
437
437
438
438
439
440
441
441
441
443
445
446
447
447
447
455
456
458
459
460
461
462
462
465
465
465
465
468
472
474
476
478
479
479
480
481
481
481
482
489
491
491
494
497
500
501
504
506
506
507
507
507
509
509
510
517
520
522
523
525
525
525
527
528
530
530
531
532
533
535
537
538
542
545
545
547
548
550
554
554
554
556
556
558
562
569
574
574
575
579
579
580
580
585
587
595
596
597
598
601
606
606
606
607
612
612
615
616
616
618
618
621
621
625
625
627
627
629
629
629
631
634
634
636
639
640
642
643
643
644
649
651
651
656
658
662
663
667
667
668
669
671
672
674
675
678
678
679
679
680
681
682
684
684
688
688
689
693
694
694
697
700
704
705
705
706
708
711
711
712
712
713
713
713
714
716
717
720
724
725
726
727
729
729
730
733
734
735
738
740
740
745
747
748
748
749
752
753
755
755
757
758
758
761
762
762
763
769
771
773
774
775
775
776
776
777
777
779
781
785
788
788
789
789
790
794
795
795
796
799
800
801
806
808
809
812
823
824
826
826
827
827
831
832
835
837
838
839
839
840
840
840
840
841
842
842
844
845
850
852
852
859
859
862
868
870
870
873
873
873
874
875
876
876
877
878
878
878
878
881
882
883
887
889
889
890
892
897
898
899
901
901
901
903
904
905
906
907
907
908
911
913
913
916
916
917
917
919
920
920
921
922
923
924
924
929
933
935
937
939
939
940
940
940
946
950
953
953
954
956
958
959
962
963
963
966
966
966
968
968
969
970
971
974
974
975
976
977
978
979
980
984
985
990
993
995
996
996
996
999
1002
1003
1004
1004
1004
1012
1014
1015
1016
1016
1017
1018
1025
1026
1027
1029
1032
1034
1035
1043
1045
1045
1046
1047
1048
1050
1052
1054
1054
1057
1058
1059
1060
1061
1063
1064
1064
1065
1065
1065
1065
1069
1069
1075
1075
1076
1079
1080
1080
1084
1085
1085
1086
1089
1090
1090
1090
1090
1091
1093
1095
1095
1097
1099
1100
1104
1105
1106
1106
1107
1112
1113
1115
1116
1117
1117
1117
1118
1118
1119
1120
1121
1122
1123
1125
1127
1127
1128
1129
1131
1131
1131
1133
1142
1142
1145
1148
1149
1149
1151
1152
1153
1154
1154
1154
1156
1157
1158
1159
1162
1165
1166
1169
1171
1173
1175
1175
1179
1180
1181
1183
1184
1184
1185
1186
1190
1191
1192
1195
1196
1197
1198
1199
1200
1201
1202
1206
1207
1210
1211
1212
1214
1216
1220
1221
1221
1222
1222
1223
1226
1227
1228
1231
1231
1232
1235
1235
1237
1239
1240
1240
1241
1241
1242
1245
1246
1247
1247
1252
1252
1252
1254
1255
1256
1257
1257
1257
1259
1262
1263
1265
1265
1267
1267
1270
1278
1279
1280
1281
1282
1284
1286
1287
1290
1290
1291
1294
1294
1296
1297
1298
1299
1300
1301
1306
1309
1309
1311
1311
1314
1319
1319
1323
1326
1326
1332
1334
1335
1336
1340
1342
1343
1343
1347
1349
1349
1351
1354
1354
1355
1356
1360
1360
1360
1361
1363
1365
1365
1368
1368
1372
1374
1374
1376
1376
1376
1377
1379
1379
1381
1382
1383
1385
1385
1388
1388
1389
1391
1393
1397
1398
1399
1400
1403
1404
1405
1407
1410
1413
1413
1413
1414
1415
1417
1417
1417
1417
1419
1425
1427
1428
1433
1438
1439
1439
1439
1442
1443
1444
1450
1451
1454
1456
1456
1456
1459
1460
1464
1465
1465
1470
1470
1476
1477
1477
1478
1478
1481
1482
1483
1483
1484
1489
1491
1491
1492
1493
1494
1496
1498
1498
1499
1500
1507
1507
1507
1508
1508
1510
1511
1512
1513
1515
1518
1521
1525
1525
1526
1526
1530
1530
1532
1532
1535
1538
1539
1540
1541
1541
1542
1543
1546
1548
1550
1550
1552
1553
1553
1555
1562
1564
1569
1571
1571
1576
1577
1579
1579
1580
1582
1585
1586
1589
1592
1592
1597
1597
1602
1604
1604
1606
1610
1611
1612
1613
1614
1615
1615
1616
1617
1619
1621
1624
1624
1626
1626
1627
1630
1633
1635
1636
1637
1638
1639
1643
1644
1644
1645
1648
1650
1651
1651
1655
1662
1663
1666
1666
1667
1667
1668
1669
1670
1671
1674
1676
1679
1679
1681
1681
1683
1684
1685
1685
1688
1689
1692
1693
1698
1698
1698
1699
1702
1702
1703
1706
1706
1707
1708
1708
1711
1715
1718
1718
1721
1721
1721
1726
1727
1732
1733
1734
1736
1738
1739
1743
1743
1744
1747
1747
1749
1749
1750
1752
1753
1762
1763
1765
1768
1776
1776
1776
1776
1778
1779
1786
1787
1789
1792
1792
1793
1794
1794
1794
1796
1797
1797
1798
1799
1799
1802
1805
1811
1812
1812
1814
1817
1817
1817
1821
1826
1826
1829
1832
1833
1836
1838
1839
1841
1841
1842
1843
1845
1845
1847
1848
1848
1848
1850
1851
1851
1852
1852
1858
1860
1860
1862
1862
1863
1863
1865
1865
1865
1866
1866
1871
1873
1874
1875
1879
1880
1886
1895
1899
1900
1902
1907
1908
1909
1919
1922
1922
1926
1926
1926
1928
1929
1929
1930
1931
1935
1935
1935
1939
1940
1941
1941
1948
1949
1949
1950
1952
1952
1953
1953
1958
1959
1959
1961
1962
1962
1963
1964
1964
1965
1965
1966
1969
1969
1970
1970
1971
1972
1973
1975
1975
1976
1977
1978
1979
1979
1979
1982
1982
1984
1985
1986
1987
1988
1989
1989
1991
1991
1992
1992
1995
1995
1997
1997
1999
1999
2000
2000
2004
2014
2015
2018
2018
2022
2023
2025
2025
2028
2029
2031
2031
2031
2032
2033
2035
2036
2036
2036
2037
2039
2042
2043
2044
2044
2047
2055
2057
2060
2066
2067
2068
2068
2069
2070
2074
2077
2077
2079
2079
2083
2085
2085
2085
2088
2089
2091
2092
2093
2094
2094
2096
2108
2110
2111
2113
2113
2114
2116
2120
2121
2124
2124
2127
2130
2130
2130
2132
2135
2136
2138
2138
2138
2140
2144
2145
2147
2149
2150
2150
2152
2153
2154
2155
2155
2157
2158
2161
2161
2163
2163
2171
2173
2173
2176
2177
2178
2179
2180
2186
2193
2195
2200
2202
2202
2204
2206
2211
2212
2212
2213
2215
2215
2216
2216
2220
2221
2222
2223
2223
2223
2234
2236
2242
2242
2243
2244
2248
2248
2249
2250
2250
2250
2252
2252
2252
2256
2257
2258
2260
2263
2263
2265
2268
2268
2269
2270
2273
2276
2279
2281
2282
2284
2284
2285
2288
2288
2289
2289
2289
2290
2293
2295
2296
2297
2299
2299
2300
2301
2302
2306
2306
2307
2316
2319
2321
2322
2322
2325
2325
2327
2330
2333
2338
2338
2338
2340
2341
2344
2345
2346
2347
2349
2352
2352
2353
2353
2355
2355
2356
2356
2356
2360
2360
2361
2362
2365
2365
2369
2372
2374
2375
2375
2376
2379
2379
2382
2382
2383
2385
2385
2387
2388
2390
2392
2400
2401
2402
2403
2406
2406
2406
2407
2407
2408
2410
2412
2412
2414
2414
2415
2415
2416
2417
2418
2419
2420
2422
2423
2425
2425
2426
2426
2427
2427
2428
2429
2431
2433
2433
2434
2434
2437
2438
2439
2439
2442
2443
2443
2444
2447
2448
2450
2450
2454
2454
2463
2465
2467
2467
2468
2468
2470
2470
2471
2473
2473
2475
2475
2475
2477
2482
2483
2484
2486
2486
2487
2488
2491
2492
2493
2497
2498
2500
2500
2501
2501
2501
2502
2503
2505
2508
2509
2513
2515
2518
2523
2523
2523
2523
2525
2525
2525
2525
2526
2527
2528
2529
2531
2532
2533
2536
2539
2544
2545
2545
2548
2553
2553
2554
2554
2555
2556
2557
2559
2560
2565
2568
2579
2580
2588
2591
2592
2592
2593
2594
2596
2600
2601
2604
2605
2608
2608
2609
2609
2613
2614
2617
2618
2622
2623
2626
2626
2627
2627
2628
2630
2630
2630
2630
2634
2635
2636
2638
2641
2644
2644
2645
2648
2651
2651
2652
2653
2654
2658
2661
2662
2663
2664
2664
2667
2672
2675
2676
2679
2680
2681
2682
2684
2689
2689
2690
2691
2692
2692
2693
2693
2693
2694
2694
2697
2699
2700
2703
2704
2704
2707
2708
2708
2709
2711
2711
2712
2713
2713
2716
2719
2721
2723
2726
2731
2732
2732
2733
2734
2736
2737
2737
2741
2742
2743
2745
2746
2748
2748
2749
2757
2757
2757
2760
2761
2762
2763
2770
2778
2786
2787
2792
2792
2796
2796
2800
2803
2805
2805
2821
2821
2821
2823
2824
2825
2825
2826
2827
2827
2829
2837
2844
2845
2846
2847
2847
2849
2853
2855
2857
2858
2859
2861
2863
2864
2866
2868
2870
2870
2875
2876
2876
2882
2884
2889
2890
2891
2897
2898
2900
2901
2904
2905
2906
2911
2912
2915
2916
2923
2925
2925
2926
2928
2928
2928
2928
2933
2935
2940
2942
2943
2950
2952
2953
2953
2954
2955
2955
2956
2959
2962
2962
2964
2965
2968
2970
2972
2974
2976
2977
2980
2980
2981
2981
2982
2984
2988
2990
2991
2992
2992
2994
2997
2998
3003
3004
3004
3012
3015
3015
3021
3022
3024
3026
3028
3029
3030
3030
3031
3033
3033
3034
3037
3041
3043
3051
3054
3054
3055
3058
3058
3058
3060
3064
3065
3070
3074
3074
3074
3075
3075
3075
3076
3079
3082
3083
3085
3085
3086
3092
3093
3095
3096
3097
3100
3101
3107
3108
3109
3110
3113
3115
3116
3116
3117
3118
3118
3122
3126
3130
3130
3133
3135
3140
3145
3155
3156
3157
3162
3164
3170
3170
3172
3172
3175
3175
3179
3180
3181
3182
3185
3187
3191
3191
3192
3194
3195
3200
3200
3201
3207
3208
3210
3212
3214
3214
3217
3217
3218
3224
3227
3233
3236
3243
3244
3248
3248
3250
3252
3253
3254
3255
3255
3257
3260
3264
3264
3264
3268
3271
3272
3273
3274
3277
3277
3281
3284
3286
3290
3291
3297
3298
3312
3313
3314
3315
3323
3323
3325
3326
3326
3327
3328
3328
3330
3331
3337
3340
3344
3345
3349
3349
3354
3358
3361
3361
3362
3365
3366
3368
3369
3371
3372
3377
3381
3382
3383
3385
3385
3387
3390
3392
3393
3393
3395
3398
3399
3399
3404
3406
3407
3409
3409
3412
3414
3419
3422
3422
3425
3427
3428
3431
3431
3433
3436
3436
3437
3438
3438
3439
3439
3446
3448
3448
3452
3456
3456
3457
3457
3457
3458
3464
3466
3467
3468
3468
3468
3470
3470
3471
3471
3473
3474
3480
3480
3483
3491
3494
3495
3496
3497
3497
3498
3498
3499
3499
3500
3511
3512
3513
3515
3516
3517
3523
3524
3525
3528
3530
3534
3536
3537
3540
3542
3545
3546
3547
3551
3553
3555
3557
3558
3559
3562
3562
3565
3565
3566
3569
3571
3571
3572
3572
3574
3578
3580
3582
3585
3586
3589
3589
3592
3594
3599
3602
3607
3608
3612
3615
3618
3620
3620
3624
3627
3630
3631
3632
3636
3637
3642
3643
3650
3650
3651
3651
3652
3658
3658
3659
3661
3666
3666
3666
3667
3668
3672
3672
3676
3679
3680
3682
3684
3686
3686
3686
3691
3691
3693
3694
3695
3697
3699
3701
3702
3702
3708
3708
3710
3715
3717
3717
3718
3718
3721
3722
3724
3725
3727
3728
3730
3732
3740
3744
3747
3752
3753
3754
3755
3755
3755
3759
3760
3763
3764
3766
3767
3770
3773
3773
3778
3780
3782
3783
3784
3784
3785
3785
3789
3796
3801
3802
3805
3807
3811
3812
3813
3813
3814
3815
3816
3820
3823
3826
3830
3831
3831
3831
3831
3832
3834
3836
3837
3838
3842
3842
3844
3847
3848
3849
3852
3852
3854
3856
3858
3858
3863
3866
3867
3869
3869
3871
3877
3878
3879
3881
3883
3886
3890
3890
3891
3898
3898
3901
3902
3903
3905
3906
3910
3910
3911
3912
3920
3922
3923
3926
3927
3929
3951
3952
3953
3954
3960
3960
3962
3962
3963
3965
3966
3970
3972
3974
3974
3975
3979
3984
3995
3999
3999
4007
4011
4011
4020
4020
4024
4030
4032
4035
4036
4037
4040
4046
4049
4049
4050
4060
4060
4062
4063
4064
4065
4067
4070
4073
4074
4077
4079
4081
4084
4084
4085
4086
4091
4092
4094
4095
4099
4100
4106
4108
4109
4110
4111
4112
4118
4120
4121
4121
4123
4129
4129
4130
4132
4133
4133
4140
4145
4148
4149
4149
4150
4150
4158
4161
4164
4167
4167
4171
4173
4181
4183
4191
4192
4197
4198
4199
4201
4202
4205
4205
4207
4212
4219
4220
4221
4222
4228
4228
4230
4231
4234
4234
4234
4234
4237
4244
4253
4253
4256
4259
4260
4261
4263
4267
4269
4271
4280
4284
4285
4287
4287
4299
4299
4299
4301
4304
4306
4308
4309
4312
4314
4316
4316
4318
4321
4327
4327
4327
4335
4335
4336
4337
4337
4338
4338
4343
4344
4345
4350
4351
4351
4351
4361
4366
4369
4371
4374
4374
4383
4385
4385
4389
4389
4394
4406
4408
4409
4410
4411
4412
4414
4420
4421
4423
4424
4427
4432
4434
4440
4442
4444
4444
4445
4446
4447
4450
4451
4453
4454
4454
4456
4457
4460
4465
4466
4477
4481
4482
4482
4483
4484
4485
4489
4489
4489
4491
4494
4496
4499
4501
4501
4502
4504
4505
4508
4509
4509
4514
4517
4523
4524
4525
4527
4537
4539
4542
4542
4548
4550
4553
4557
4557
4561
4561
4562
4562
4563
4564
4570
4572
4573
4574
4574
4574
4574
4575
4577
4579
4584
4585
4585
4586
4588
4588
4601
4602
4604
4604
4607
4611
4611
4615
4616
4616
4621
4625
4626
4627
4629
4630
4635
4638
4639
4645
4651
4652
4653
4661
4661
4661
4662
4666
4667
4668
4668
4669
4671
4679
4681
4681
4687
4689
4689
4690
4692
4701
4702
4702
4703
4703
4704
4708
4711
4712
4714
4718
4720
4721
4724
4726
4729
4732
4734
4734
4739
4740
4744
4746
4747
4751
4753
4754
4754
4755
4755
4756
4759
4762
4762
4762
4764
4765
4768
4770
4772
4773
4778
4779
4780
4786
4786
4793
4805
4806
4810
4815
4815
4818
4818
4823
4826
4829
4830
4832
4835
4840
4840
4847
4848
4849
4850
4851
4852
4853
4855
4860
4863
4864
4869
4876
4887
4890
4896
4896
4897
4899
4905
4907
4912
4915
4918
4919
4920
4925
4933
4934
4934
4935
4940
4942
4943
4948
4951
4951
4954
4960
4960
4967
4970
4973
4973
4974
4976
4976
4977
4978
4980
4980
4982
4982
4982
4983
4987
4990
4991
4995
4996
5000
5008
5014
5018
5020
5024
5027
5029
5030
5032
5033
5033
5035
5040
5040
5040
5041
5046
5049
5050
5052
5053
5054
5054
5055
5055
5058
5061
5062
5068
5068
5072
5072
5074
5075
5076
5076
5079
5079
5080
5082
5083
5084
5084
5088
5090
5092
5095
5096
5096
5102
5105
5105
5106
5108
5109
5110
5113
5117
5117
5117
5118
5121
5122
5124
5126
5128
5128
5128
5130
5135
5138
5140
5141
5142
5146
5146
5147
5148
5148
5149
5155
5162
5163
5170
5171
5171
5175
5176
5178
5184
5184
5185
5186
5189
5191
5197
5197
5198
5200
5205
5206
5207
5208
5208
5211
5212
5218
5221
5224
5225
5226
5233
5235
5236
5239
5240
5240
5247
5251
5251
5254
5254
5256
5261
5262
5263
5264
5265
5268
5276
5276
5276
5283
5287
5288
5290
5292
5293
5298
5300
5302
5302
5302
5304
5305
5312
5314
5326
5327
5328
5331
5334
5335
5336
5338
5339
5341
5342
5344
5347
5348
5348
5351
5351
5353
5356
5358
5359
5359
5362
5364
5364
5365
5366
5367
5369
5369
5370
5373
5374
5374
5375
5384
5386
5387
5389
5390
5395
5399
5400
5403
5403
5406
5406
5412
5414
5420
5423
5426
5430
5431
5433
5436
5442
5446
5446
5447
5448
5449
5449
5449
5453
5453
5456
5458
5458
5460
5461
5462
5462
5463
5464
5464
5466
5467
5469
5469
5473
5474
5481
5484
5487
5491
5495
5496
5498
5501
5502
5507
5508
5513
5514
5514
5515
5524
5524
5530
5530
5532
5532
5534
5536
5536
5542
5553
5558
5559
5561
5563
5568
5570
5571
5572
5576
5576
5578
5582
5587
5588
5588
5589
5589
5593
5595
5600
5604
5604
5605
5607
5608
5609
5614
5614
5615
5618
5620
5622
5622
5626
5628
5630
5632
5632
5633
5634
5635
5635
5638
5639
5646
5647
5650
5655
5657
5662
5663
5665
5667
5670
5671
5672
5682
5684
5685
5687
5687
5688
5691
5693
5695
5695
5697
5697
5698
5698
5703
5704
5705
5711
5714
5714
5715
5715
5716
5717
5725
5727
5729
5735
5736
5736
5737
5737
5738
5738
5739
5739
5739
5742
5743
5745
5749
5749
5755
5757
5759
5760
5762
5762
5763
5763
5764
5770
5771
5773
5774
5775
5776
5780
5783
5785
5785
5788
5789
5793
5794
5796
5797
5803
5804
5804
5808
5810
5812
5812
5813
5814
5814
5818
5818
5823
5824
5825
5833
5836
5837
5841
5842
5844
5845
5847
5847
5850
5851
5853
5856
5857
5858
5858
5864
5866
5868
5872
5872
5872
5876
5876
5878
5879
5881
5884
5885
5885
5887
5889
5890
5891
5891
5892
5893
5893
5894
5895
5895
5898
5907
5926
5927
5928
5930
5931
5931
5931
5934
5935
5936
5937
5942
5944
5945
5946
5947
5948
5951
5951
5953
5954
5955
5956
5959
5959
5963
5966
5967
5968
5971
5971
5971
5975
5977
5978
5979
5979
5980
5983
5985
5986
5997
6001
6003
6004
6005
6005
6007
6008
6009
6009
6010
6011
6013
6014
6016
6017
6018
6019
6019
6020
6021
6025
6030
6032
6039
6040
6043
6045
6046
6046
6046
6048
6050
6053
6059
6062
6062
6073
6074
6079
6080
6080
6083
6083
6087
6089
6091
6091
6093
6095
6099
6100
6100
6100
6101
6103
6103
6105
6107
6109
6114
6114
6114
6115
6116
6122
6127
6127
6128
6130
6133
6135
6138
6140
6147
6151
6156
6156
6157
6158
6163
6168
6170
6172
6173
6178
6181
6182
6183
6183
6183
6193
6195
6195
6197
6209
6209
6210
6213
6213
6217
6220
6221
6227
6227
6229
6233
6234
6235
6240
6241
6246
6249
6255
6262
6272
6279
6280
6280
6283
6284
6300
6301
6302
6304
6306
6306
6308
6321
6322
6323
6324
6324
6325
6326
6328
6331
6335
6338
6338
6341
6343
6349
6354
6354
6354
6358
6360
6362
6368
6371
6372
6377
6379
6380
6383
6383
6387
6388
6388
6389
6394
6397
6399
6399
6399
6403
6404
6405
6407
6408
6410
6415
6420
6420
6426
6429
6432
6435
6435
6436
6437
6437
6437
6438
6439
6441
6442
6443
6446
6446
6448
6448
6455
6456
6462
6464
6465
6473
6477
6479
6481
6485
6488
6492
6493
6495
6495
6497
6498
6499
6499
6501
6503
6507
6509
6509
6517
6519
6522
6522
6524
6525
6529
6536
6538
6546
6549
6551
6556
6557
6558
6562
6563
6569
6572
6584
6585
6586
6591
6592
6593
6596
6601
6605
6606
6606
6608
6608
6609
6611
6612
6612
6613
6618
6619
6625
6628
6629
6631
6634
6636
6639
6639
6640
6642
6649
6650
6660
6661
6664
6670
6675
6677
6680
6680
6682
6683
6684
6684
6685
6686
6689
6689
6690
6691
6691
6691
6693
6696
6698
6698
6700
6705
6706
6706
6708
6717
6726
6726
6728
6730
6731
6731
6734
6738
6740
6743
6748
6748
6749
6749
6750
6752
6753
6753
6753
6755
6756
6757
6760
6763
6768
6768
6769
6769
6770
6770
6771
6778
6780
6784
6784
6784
6790
6792
6793
6795
6798
6800
6800
6800
6804
6805
6807
6808
6809
6809
6812
6821
6830
6835
6835
6836
6837
6839
6840
6842
6843
6850
6854
6854
6857
6861
6862
6863
6863
6866
6867
6872
6872
6881
6884
6885
6885
6888
6896
6896
6897
6898
6913
6914
6915
6917
6921
6923
6923
6924
6926
6928
6929
6930
6932
6937
6937
6945
6946
6948
6948
6948
6949
6950
6952
6955
6957
6958
6960
6962
6962
6963
6963
6963
6964
6969
6969
6970
6973
6977
6977
6979
6979
6981
6982
6982
6985
6989
7001
7002
7009
7009
7010
7011
7012
7012
7012
7013
7014
7016
7022
7022
7023
7024
7027
7028
7034
7035
7036
7040
7040
7040
7040
7041
7045
7046
7047
7050
7050
7051
7052
7055
7060
7060
7068
7072
7073
7077
7079
7079
7081
7082
7082
7084
7085
7094
7094
7095
7095
7097
7099
7102
7106
7106
7107
7109
7109
7110
7111
7112
7113
7116
7122
7124
7130
7132
7132
7135
7135
7139
7140
7140
7143
7146
7147
7148
7153
7154
7156
7159
7159
7162
7172
7173
7175
7187
7188
7189
7196
7197
7198
7199
7201
7204
7206
7209
7210
7214
7218
7218
7218
7220
7221
7223
7224
7226
7227
7228
7229
7236
7237
7241
7246
7249
7249
7251
7254
7255
7255
7258
7265
7267
7269
7269
7273
7276
7278
7278
7280
7280
7285
7287
7289
7292
7293
7294
7296
7298
7306
7311
7317
7318
7319
7319
7321
7328
7329
7329
7335
7336
7337
7339
7342
7343
7344
7351
7351
7352
7352
7355
7355
7357
7364
7364
7366
7368
7371
7377
7382
7383
7386
7388
7388
7390
7391
7394
7396
7396
7398
7401
7403
7410
7411
7411
7412
7412
7412
7412
7413
7416
7417
7419
7427
7428
7429
7432
7434
7436
7437
7439
7442
7446
7450
7453
7461
7462
7465
7465
7466
7470
7471
7471
7478
7479
7482
7486
7488
7494
7496
7498
7498
7500
7500
7501
7505
7505
7510
7515
7522
7523
7524
7530
7532
7535
7544
7547
7548
7548
7550
7553
7557
7558
7558
7564
7564
7565
7570
7573
7573
7574
7574
7578
7579
7579
7580
7584
7591
7593
7598
7598
7600
7600
7602
7616
7618
7620
7621
7626
7627
7632
7634
7636
7639
7645
7647
7648
7651
7651
7654
7656
7658
7658
7661
7662
7672
7675
7675
7678
7682
7684
7685
7686
7687
7690
7691
7696
7697
7702
7707
7707
7713
7716
7719
7719
7720
7721
7722
7726
7731
7732
7733
7734
7736
7737
7738
7739
7742
7742
7746
7747
7748
7749
7751
7759
7759
7760
7764
7768
7769
7770
7774
7775
7777
7780
7783
7786
7788
7789
7791
7791
7793
7793
7799
7799
7801
7802
7802
7804
7804
7805
7805
7806
7811
7811
7813
7815
7819
7820
7821
7824
7825
7834
7836
7837
7841
7842
7845
7845
7849
7849
7854
7854
7859
7861
7861
7873
7875
7878
7885
7885
7886
7887
7889
7893
7896
7896
7896
7897
7901
7902
7902
7905
7906
7909
7909
7912
7912
7914
7914
7915
7916
7916
7917
7919
7922
7922
7925
7930
7931
7931
7931
7934
7935
7935
7936
7936
7943
7944
7946
7948
7949
7953
7955
7955
7956
7958
7964
7965
7965
7967
7968
7971
7973
7975
7976
7976
7979
7980
7982
7983
7984
7985
7986
7986
7986
7991
8003
8007
8011
8011
8014
8018
8025
8030
8033
8033
8037
8037
8040
8041
8041
8042
8044
8044
8046
8047
8049
8049
8050
8050
8054
8063
8068
8070
8075
8077
8077
8077
8078
8079
8080
8089
8090
8093
8094
8094
8096
8096
8097
8097
8099
8100
8103
8104
8105
8110
8110
8110
8111
8113
8115
8122
8123
8123
8125
8127
8129
8130
8131
8131
8133
8136
8137
8137
8138
8138
8140
8141
8151
8156
8156
8157
8158
8160
8161
8164
8175
8180
8182
8183
8183
8184
8185
8189
8194
8204
8204
8208
8209
8212
8213
8213
8220
8226
8229
8230
8230
8233
8234
8235
8238
8242
8246
8248
8253
8256
8256
8259
8259
8260
8261
8263
8264
8265
8267
8271
8271
8273
8275
8278
8282
8283
8283
8284
8286
8288
8288
8289
8289
8290
8290
8291
8291
8295
8297
8300
8300
8303
8309
8312
8312
8313
8314
8315
8315
8317
8321
8323
8324
8324
8324
8327
8330
8331
8331
8340
8341
8341
8342
8345
8356
8359
8361
8364
8367
8368
8369
8370
8370
8370
8372
8372
8373
8374
8379
8383
8385
8385
8387
8388
8389
8389
8391
8398
8398
8398
8400
8405
8405
8405
8410
8413
8422
8424
8425
8427
8432
8433
8437
8438
8443
8443
8445
8448
8449
8452
8453
8457
8458
8465
8471
8472
8474
8474
8479
8480
8481
8483
8485
8491
8492
8493
8494
8495
8495
8495
8496
8496
8496
8497
8503
8505
8507
8509
8510
8511
8511
8511
8519
8520
8520
8520
8522
8529
8530
8533
8534
8534
8534
8535
8535
8543
8545
8548
8553
8556
8561
8569
8573
8578
8578
8580
8583
8587
8592
8593
8596
8598
8599
8601
8601
8602
8603
8603
8604
8606
8615
8615
8622
8623
8623
8623
8625
8629
8630
8631
8634
8635
8637
8637
8639
8640
8640
8641
8644
8646
8648
8648
8655
8656
8657
8658
8658
8659
8659
8659
8662
8663
8670
8672
8674
8674
8675
8676
8678
8680
8680
8681
8685
8685
8686
8688
8694
8698
8699
8702
8706
8707
8709
8709
8713
8730
8735
8736
8740
8741
8742
8743
8744
8745
8747
8748
8755
8755
8757
8757
8758
8762
8764
8769
8769
8769
8770
8771
8775
8778
8779
8781
8783
8784
8786
8793
8794
8797
8798
8802
8803
8804
8805
8805
8808
8812
8814
8814
8816
8816
8819
8824
8824
8825
8826
8827
8834
8837
8841
8842
8843
8846
8848
8848
8849
8849
8851
8852
8854
8857
8858
8862
8863
8866
8869
8870
8871
8875
8876
8882
8882
8884
8885
8888
8889
8892
8897
8897
8897
8898
8902
8903
8904
8906
8907
8907
8917
8917
8918
8919
8919
8921
8921
8922
8926
8931
8933
8934
8935
8942
8947
8947
8947
8948
8949
8950
8953
8954
8955
8955
8955
8957
8960
8960
8962
8962
8962
8967
8968
8974
8984
8986
8987
8990
8993
9005
9005
9006
9007
9009
9010
9013
9017
9021
9023
9025
9028
9032
9032
9033
9037
9038
9041
9041
9044
9045
9045
9045
9046
9047
9052
9057
9060
9061
9063
9065
9069
9072
9073
9073
9075
9076
9080
9081
9084
9085
9085
9089
9090
9090
9090
9095
9097
9103
9103
9105
9114
9125
9126
9131
9132
9133
9140
9141
9141
9142
9146
9147
9147
9155
9163
9169
9170
9170
9174
9176
9178
9189
9192
9193
9198
9198
9201
9202
9204
9205
9208
9209
9214
9214
9215
9218
9221
9223
9228
9228
9230
9231
9236
9237
9239
9239
9239
9240
9240
9242
9248
9249
9257
9260
9261
9263
9264
9264
9266
9267
9268
9269
9269
9274
9275
9281
9281
9283
9283
9283
9284
9286
9287
9288
9293
9294
9294
9295
9297
9300
9300
9305
9305
9305
9309
9311
9314
9316
9322
9324
9324
9327
9327
9330
9331
9333
9333
9337
9343
9345
9349
9349
9351
9354
9361
9363
9366
9369
9369
9372
9373
9376
9379
9379
9385
9386
9388
9390
9390
9393
9397
9398
9406
9407
9417
9418
9419
9421
9423
9424
9426
9427
9427
9427
9427
9427
9428
9433
9433
9435
9435
9437
9437
9443
9448
9461
9463
9463
9464
9465
9465
9466
9467
9470
9474
9476
9476
9476
9480
9483
9484
9486
9489
9489
9490
9493
9495
9496
9497
9500
9500
9500
9506
9509
9515
9523
9524
9525
9525
9525
9526
9530
9530
9531
9531
9533
9533
9534
9534
9539
9542
9542
9543
9544
9544
9547
9547
9548
9551
9552
9554
9555
9556
9557
9559
9560
9562
9563
9563
9564
9567
9570
9572
9575
9577
9579
9579
9580
9581
9582
9591
9592
9593
9593
9599
9599
9601
9602
9604
9607
9609
9616
9616
9619
9619
9621
9624
9624
9625
9626
9627
9629
9634
9635
9636
9637
9643
9644
9644
9645
9652
9653
9654
9655
9655
9659
9661
9661
9662
9668
9671
9671
9671
9675
9677
9680
9680
9681
9681
9683
9686
9687
9687
9688
9688
9694
9696
9697
9699
9703
9704
9706
9707
9710
9711
9715
9716
9722
9723
9728
9731
9732
9732
9735
9735
9740
9742
9748
9750
9751
9755
9756
9759
9760
9767
9767
9768
9772
9773
9775
9777
9778
9778
9779
9784
9785
9788
9794
9798
9798
9800
9805
9805
9806
9808
9809
9815
9815
9819
9821
9826
9826
9827
9828
9828
9831
9833
9835
9837
9837
9839
9851
9854
9856
9860
9860
9860
9863
9863
9870
9873
9874
9879
9882
9883
9885
9887
9887
9887
9889
9889
9891
9901
9904
9905
9909
9913
9915
9915
9916
9919
9922
9924
9924
9930
9931
9932
9933
9935
9936
9939
9943
9944
9946
9949
9951
9953
9954
9954
9960
9961
9963
9963
9964
9965
9966
9967
9967
9969
9969
9974
9975
9981
9982
9984
9986
9987
9989
9993
9995
9997
9998
9999
