5038
7044
5408
3889
1813
3157
8798
778
8163
4013
7647
589
8724
2009
363
1075
9565
9211
9262
7836
5855
8270
441
8337
9838
8759
954
8330
6515
4845
8429
1105
8511
2459
7714
5318
7088
3747
1569
4419
1401
21
7660
1907
6781
6688
6564
335
2924
3704
8750
4474
9089
841
5686
3150
1019
6123
6437
1861
3131
4231
2128
1949
1037
2152
9025
6982
2683
2453
4298
189
1630
4926
8599
2510
7398
117
9987
901
6828
5936
7342
9606
38
1292
8237
6607
2891
916
2194
9034
5879
5745
1694
6103
1345
6436
3828
3609
4300
8211
7296
4271
187
144
568
3046
1288
8352
3426
894
646
2154
6182
762
2613
990
6021
5884
6582
5177
298
9680
3457
3190
79
759
515
262
7156
5527
219
6516
572
4833
3527
2802
1448
6996
5131
1240
3832
9344
1634
8783
9727
8301
5623
4024
8358
7372
1110
50
7204
9231
8831
4156
8236
7861
6443
1527
119
3128
3618
5584
3829
2027
460
9133
5198
6206
2646
1350
5085
2804
4936
6886
207
5415
7684
1041
2569
3914
7842
9624
4376
7646
938
27
8508
7497
5985
7231
1608
2405
3015
5728
8163
4149
7680
8
6322
2589
3523
7809
3530
8738
2511
4936
5937
8128
8916
946
9060
3099
3265
9859
9358
1559
7450
2140
2936
44
44
1781
1052
9412
4596
9980
7134
9783
1468
2012
2637
8122
6184
770
6902
6595
2513
508
5770
8063
9871
6435
9009
3432
8988
1354
7471
6593
7542
9463
486
4020
7414
6993
2269
1343
1583
2395
8463
5657
8760
5297
2502
8683
7790
4176
9865
5037
4372
9659
1876
2446
5372
8459
2216
8169
8971
7654
2882
2276
4664
5379
4288
2699
2005
6557
3010
2684
3169
822
9565
3252
3308
2958
7589
1914
9773
1924
9548
6410
3713
2012
4198
3029
4517
8994
944
4246
7830
1406
7536
968
2694
2601
9934
5799
2850
7102
8179
757
7281
6900
2016
494
2288
8268
115
9357
9532
2774
4470
5040
5744
136
1529
2698
2368
1041
8849
583
9764
2667
6688
2325
2553
7632
4406
2258
1332
4367
456
8480
6121
7758
9857
4528
2459
8066
1143
7086
5973
5437
2847
4473
8024
8471
435
9942
7190
8624
9283
2549
4094
1669
3370
1604
8361
2465
4386
4690
9493
4262
7530
4375
5087
1548
2983
8947
8471
4904
3977
6772
3966
7953
5360
7467
8771
1632
8030
7777
7055
9558
5295
1958
8029
4979
2230
2427
4046
115
6250
3233
3419
7339
1473
7025
9388
213
4827
9325
1786
5976
770
1222
5424
1084
8544
464
5783
8876
274
355
6002
9916
4092
2612
8359
7645
157
2947
1199
4623
532
8934
2623
8791
9363
7846
1896
9489
1907
4920
61
3112
4217
2238
5459
2147
4167
1887
1981
1330
902
9125
6808
4026
2578
293
9764
1052
118
7989
1221
6589
4698
2057
1737
1217
8826
3854
2523
5066
3209
6970
7767
16
326
1059
687
6721
926
6608
941
3067
6962
3901
3754
2774
4586
6163
2046
9528
3929
1367
8713
9332
5907
7618
2209
7395
3565
4897
7149
4725
7412
5933
4498
3337
113
685
9227
4171
4444
1483
287
30
3278
101
7086
8075
5339
4437
123
3736
5647
8035
9777
2732
5480
8776
8911
3666
7829
6423
8693
4509
4589
5944
500
4363
8979
2484
5169
4892
1737
9816
3834
36
6291
4899
8556
4559
5293
242
1269
53
2639
5775
9253
7695
7200
8982
3530
7625
1945
1176
508
8711
43
5890
70
3485
4563
656
6871
4762
2285
1359
2216
6613
1912
4913
4190
6187
9064
7924
7874
3959
3889
5205
6255
611
3475
7057
1179
429
1249
3036
218
2654
470
8341
6464
6807
586
2234
8662
8989
5265
7848
3951
2392
3205
5750
3210
2406
5429
1042
7450
3877
7854
9772
5861
4432
1945
2114
6554
6185
7157
3179
4183
2680
6727
2312
4218
6771
6847
4312
3606
2735
1244
4699
2680
4645
2706
6921
9114
1993
2859
9604
2631
7335
4605
8523
1888
367
1643
6945
6703
3635
7166
1149
267
1693
4901
4339
1291
1527
5386
7891
1806
3253
3255
9312
1626
821
9032
2468
8596
3675
2291
2834
1168
9270
1990
572
9656
3415
4064
790
6562
6163
1011
6555
2301
5319
2472
1870
2461
8331
7091
5731
1032
3290
2952
1072
4671
5776
6878
334
8161
2741
516
4708
3164
4794
8402
630
453
6833
2096
2106
8954
1794
44
1835
8391
5739
9384
1569
5926
1848
8931
1729
4394
3843
2761
7505
813
3470
8717
2991
4744
8270
2326
7346
9380
890
1079
6241
5375
2133
3860
8563
753
8728
6162
2263
2607
3395
4206
2084
2239
1381
113
7075
9901
5243
5426
3660
8638
805
3100
1279
9555
2063
1137
389
7392
1951
5040
7781
3181
154
6099
9818
7789
7036
9036
4245
526
2519
3505
2976
8768
9179
8693
1331
2601
536
7225
1034
4616
3792
3587
3334
2536
5248
5598
1619
2664
9776
8610
3994
9673
1689
8021
6440
9943
4199
1650
1487
3691
63
9705
1323
9072
3826
3272
6888
3510
6562
3064
338
339
1381
5354
1196
5136
7208
2980
9109
5779
5270
7895
8152
6617
9625
227
3748
4983
5104
3069
4987
3456
7842
3231
654
761
4081
5761
6201
683
1186
2007
3195
9753
1629
1354
8665
4771
5584
5788
1844
5210
2280
5078
4663
7286
9571
1316
6277
8564
2048
132
2419
8835
7624
3130
5410
7633
6113
8616
96
5377
6064
1116
8751
4689
5535
2314
678
361
9039
7916
5254
9014
2064
8423
5232
6455
926
5744
9477
3159
3662
5759
8750
3117
4970
915
317
305
729
4837
9460
352
1107
3313
2597
6562
5971
5043
7769
9561
2798
5726
2292
365
2211
1203
2697
4870
6883
3200
779
1897
7059
3415
6244
3862
6464
2256
5481
1745
6146
6273
8013
4336
1716
3981
4004
7445
3219
5195
2235
1533
7572
4201
9591
7559
8795
5537
7195
2009
6122
1995
2367
5792
8455
7106
1069
1830
9713
9755
1292
5577
2452
2547
5075
3097
5386
8201
6998
1762
9428
7900
3045
6939
5098
6326
4694
9550
1456
5785
1695
4393
1114
8441
7336
2676
8705
4155
6689
9285
3350
8475
9056
544
7142
1060
2798
8371
2334
2444
9282
3521
6929
9902
3693
2412
3672
6476
8200
2104
5545
692
7531
1742
2588
7474
768
8271
8841
5191
9400
9994
9798
4873
2060
4976
7888
8059
6166
7861
6568
2878
544
2921
5456
5719
3277
3320
4309
3187
6087
6111
8287
4009
3337
5280
599
6495
1422
3415
4537
1392
3866
3694
6970
5100
40
7855
4235
336
5763
6312
3119
5367
6920
4211
6617
3185
9259
6534
4586
7460
1850
3113
1546
32
1648
2198
7924
4295
43
6838
8871
7245
4815
7161
9337
2236
1947
4982
367
5227
2237
1668
8043
9936
994
2295
6661
6212
6401
3200
334
7222
2665
4238
7360
1906
3991
9498
8362
2131
9357
4082
4027
550
2575
371
4092
6290
5951
2812
3411
3381
9068
6145
8421
3536
103
1661
4780
950
5062
4892
1178
1793
2156
8504
6876
550
5800
1842
9506
5418
5773
4116
5134
6884
2002
2036
523
1428
9435
2923
6832
8757
872
7926
6821
2816
2493
4685
2037
7937
8434
227
7765
8493
1467
7278
4180
7428
2570
935
9971
2036
4915
2723
1959
7902
7393
5139
7869
7053
3463
9241
4269
5860
6794
9469
7906
8582
1165
1631
1369
9948
2541
6557
6232
499
9886
7047
8001
2853
5397
9985
9398
8489
8855
9113
8911
8573
2034
1402
4699
1186
3851
815
2307
2504
1576
6428
6293
4108
2799
2346
8655
5840
1775
4434
9274
3450
8685
6652
6170
2143
5441
2632
8451
3746
4418
6540
7806
1639
351
1279
7836
1549
96
9045
8330
7051
8332
1500
5925
1290
3292
1799
1648
548
7824
4217
7844
2683
1120
8357
2232
3933
9462
9555
3281
6470
2106
1685
2331
3158
9598
1195
2361
8325
908
5987
969
1173
7468
581
6235
7255
3290
78
8276
1248
7976
9468
3918
2157
4127
5706
8834
5700
7052
171
9369
6717
8873
812
9119
8033
4329
4613
4377
322
6984
513
5192
7084
4994
6607
7679
3291
1587
7927
2802
2268
2351
5249
3263
3832
6627
1202
8801
7166
635
2632
450
1472
3653
8073
3905
641
230
8199
9317
1581
2701
7686
6145
3082
2517
177
4504
7614
1726
138
7970
1873
9437
2593
9904
1060
3986
1398
6828
9666
5467
3826
5749
2950
4600
2739
2602
9741
5823
5655
2564
301
4417
1084
3609
8006
4476
7236
1983
2600
6466
4926
93
5478
2250
9571
8888
1354
8022
735
5021
2312
5173
2145
1049
4759
9081
6436
5761
1869
6923
1118
6063
6074
4941
6009
2011
8473
2609
1393
6411
5858
2249
93
3963
6276
4942
7457
6288
4689
5301
8771
5657
1993
671
7484
3159
4668
5376
3138
1343
1338
7714
5764
14
3725
6298
9046
3181
9946
2555
7757
9572
3620
266
1325
707
2465
1730
1793
9199
737
3305
186
2890
4444
8482
2941
9911
2907
6516
7478
6412
8539
5212
6737
1176
2237
6959
202
6359
5665
1714
5715
9812
4580
5389
6663
1630
6631
9660
1324
5742
5027
4264
7550
2744
8713
727
5882
4624
3871
7519
6440
3743
9944
6497
2685
9030
7522
147
9071
5426
4951
1390
3386
3729
1596
8938
2034
2676
6366
1382
4602
5061
1085
6860
245
6954
8857
6820
5180
7179
4413
1544
9359
7985
9801
9785
8223
2383
2421
0
363
6134
2130
2951
4857
1715
9987
9753
184
7196
9804
9606
611
91
9370
3452
8313
6361
5011
83
5675
8479
15
9271
693
5657
135
7820
5008
2764
2237
9869
6679
7178
3148
7829
5721
5187
3698
2050
2815
414
1163
8182
9839
6488
6191
1152
1376
9212
3391
5594
3710
4917
1388
2292
5552
6224
4585
1714
664
1029
8130
7858
2971
9126
8957
3056
3074
1049
1903
3101
144
499
5202
2717
9813
2006
1398
3520
2482
8396
2454
2339
4366
2212
3405
2488
5865
1021
4568
5411
6015
753
6493
5751
9311
9956
3820
1264
2748
2764
5173
8322
8579
1955
9994
2722
5726
7114
5158
563
1497
4209
5039
3829
1460
8805
2328
4345
1448
6025
2042
8455
1693
2072
3412
1779
890
9513
8081
5150
9311
2053
3769
2345
4112
4997
4154
5007
2579
6079
1176
4275
6172
4354
6226
1944
310
6927
2423
2640
4469
156
2281
4919
4297
3379
6370
8929
8022
592
2628
240
3298
1659
421
1786
623
1714
2378
4747
1337
1419
6243
3096
9378
1176
7176
1396
7741
2603
9346
5829
519
5901
3869
5545
6396
6858
9772
3862
601
623
6126
3199
5054
8119
944
2478
1575
8833
7139
1646
1707
2214
5151
4680
3572
4426
2360
9729
6544
113
2911
1585
9239
6996
5933
2839
4830
180
492
9691
1948
3374
6086
5220
8123
6224
4690
3931
8321
491
1451
2080
2128
3033
1316
3132
1866
2961
9562
7319
8249
4760
5400
9562
8157
7978
913
439
7943
346
6793
4280
4967
1094
5028
3094
2017
9023
9636
7643
101
2695
7181
1417
5311
5004
3387
1772
2492
1348
1574
142
1422
5641
6021
330
2689
1863
7329
2051
4511
9843
6635
1941
4913
5135
7089
9212
3288
6123
7917
1556
2971
7166
3966
1697
9937
1974
1403
3136
3265
3260
37
7006
5064
4571
8140
9207
603
770
5941
6977
3118
9416
443
667
7700
7024
8644
8800
4455
5389
4133
2832
6411
1960
4760
9488
3422
4352
2332
8977
9891
9776
7134
9551
5215
5463
2055
5195
4787
1460
6358
1819
8315
6369
4496
432
8822
7394
4917
9913
6776
5709
2581
614
9484
8076
5826
6959
7454
6337
2839
261
3192
2153
5593
9481
1115
7717
7758
2045
480
3637
4268
4312
623
3493
306
3198
1664
7052
1677
3438
5777
6994
6180
7725
3607
2851
1204
1876
2456
4850
6515
8870
6345
751
6991
6869
9043
6219
4935
4421
3579
8876
7597
2256
4834
2908
6314
4603
4730
6983
5234
5865
2955
181
314
3439
3620
2100
1015
2072
2054
6138
6648
6970
413
6105
2375
1849
8480
7956
1900
4506
6796
625
3123
3515
7244
9456
7887
9505
6108
7275
5215
3745
8541
7229
2831
1779
8411
5208
5922
3748
4142
1938
7919
4875
8814
3392
9946
5694
410
2630
2196
2630
3499
2509
933
9857
7348
1766
1785
9206
4541
5423
4553
1998
7041
8355
7436
3217
292
7270
2669
398
889
2242
4703
416
7314
7963
7374
1437
89
6506
6296
3872
2176
8328
8892
4810
8916
9497
1
9764
1127
6331
3962
2840
6157
335
296
4673
8391
5255
3009
3888
431
9137
1072
9568
5107
1507
1181
477
5973
8567
3295
2528
8130
8217
8174
270
4450
3327
5918
8146
2080
2312
5769
9623
7866
8200
44
2283
5259
3539
309
6145
4103
4663
8027
3061
5431
1423
1198
2581
8022
7126
289
6574
90
5257
3270
965
5191
4960
2616
6072
3201
7550
1774
7459
2880
5238
1167
1399
3033
8369
177
4696
283
7421
5191
838
2183
4216
2266
4815
467
8750
2998
5970
6368
9935
1977
9991
1115
9893
2872
1710
3713
6404
8162
8133
3415
1298
6153
6589
8969
3401
7070
2671
1617
4267
2956
2059
1610
6566
8072
9842
7973
8264
2375
9893
3164
9076
9873
4972
9238
6341
852
6908
5194
5107
3356
723
423
8948
1650
6102
2675
5237
3219
493
5650
5849
338
6796
618
9792
5616
3158
5012
4284
763
3965
1798
5216
1381
1901
4239
1850
423
1034
6034
7298
4629
1606
8055
7315
2931
2936
1646
6810
9704
4186
2502
1069
514
2641
157
2623
6907
3090
9256
6449
4666
259
3173
2762
5933
9600
607
9449
7910
1600
818
6794
7027
3831
272
9320
8803
6540
1268
1235
9845
8142
1028
7090
7427
8098
4604
5658
32
3568
9881
2655
8589
2832
8851
3530
1810
2495
8798
8733
8267
3638
946
6515
4448
4972
4234
3371
8394
43
3739
9030
1347
4049
518
398
5342
3656
687
6906
9159
1351
4798
7359
5659
4954
2742
1210
2299
5072
8004
2011
6141
8628
5706
9556
3028
5439
1373
1667
8833
4091
1916
2587
1385
1963
7298
2970
9289
1785
7486
4550
3464
6031
6192
7737
8700
3579
8343
2431
9536
7421
6153
3694
8644
8962
6738
3653
517
4006
6321
1896
1407
246
1007
4475
8752
9236
9201
7805
158
8638
1968
8647
972
33
9448
292
4697
7641
2573
2932
3434
9693
5445
8140
1513
4553
3569
1184
9677
2283
7981
1075
7100
9282
1339
1902
15
1588
7259
8927
9605
9584
3455
6660
4714
1379
1451
4249
3097
5294
1938
8622
2752
407
4047
9037
5715
1759
849
4698
2116
6405
6763
4476
5521
1193
8362
3947
7822
7571
6776
1386
2373
6437
6385
7926
6571
5390
3364
8160
276
8369
828
7288
5722
8149
1632
2794
6378
622
40
8622
4448
1948
9041
2858
4277
722
2642
2635
9829
8570
1792
4020
1206
5766
3087
4725
6197
1290
2314
6064
4003
3449
3220
9656
4960
7102
6608
2379
2791
3164
6031
4786
2139
711
2696
6310
9600
757
4332
9093
2541
8799
2314
1157
7472
5052
2704
8440
9330
64
1396
3025
1741
3568
3746
5558
859
1514
3351
4551
6705
3395
8829
9662
8428
1168
1575
7639
2954
1705
4240
7394
3005
5307
8159
3686
5003
6526
574
3400
9482
6598
747
7900
3418
5437
6622
5004
7123
1233
6044
8791
1264
6234
2492
7131
9868
1854
6568
8982
4428
2120
1062
713
8813
3511
6807
7982
4560
8867
6079
3036
6243
3078
6471
7801
355
7752
3952
9871
5230
4475
9305
1138
2077
1352
34
8481
3553
8601
8993
2426
9342
841
4773
2403
870
3353
2778
6982
3831
4437
6493
3725
9751
7286
3408
863
798
1193
191
2217
2742
1216
9252
8657
8911
2103
8520
9639
5430
8378
9979
4924
1638
7620
7079
455
3391
5915
6560
9110
7430
347
9742
8178
686
9840
7901
1783
5461
120
7684
8738
530
5336
3510
6667
1230
3822
5670
8405
6448
5447
1086
3380
494
8658
8194
271
1136
5108
144
9349
4135
157
571
4820
5806
1419
5032
5208
6448
8109
8360
8002
10
779
8439
1513
9890
1061
8788
2757
3641
2441
914
8489
2013
7673
7295
1888
2178
2140
9795
8172
5185
3875
8843
3947
2417
3838
1383
7883
2790
5185
7568
1519
3143
4322
1902
3331
980
2052
3065
8076
1816
4824
1263
4740
8155
9298
4837
9988
2364
6586
9441
9842
3213
6261
7848
494
2830
6211
2275
2040
8751
8890
4711
2676
5200
2803
501
512
4747
4243
8815
4389
1861
893
972
2108
4417
7381
238
6659
6390
3624
2818
9648
3314
219
2152
6806
6510
3249
1764
8166
7219
2145
9844
9495
7533
6967
9570
5241
5600
9834
1468
3590
7977
6238
9314
9898
9382
4987
1424
8628
9496
5725
2398
3902
7512
6173
5284
9866
2392
2496
9873
3309
3547
5391
910
7409
3735
6551
414
5189
4874
1937
6041
7751
2139
357
2602
133
9634
9930
8053
32
4699
3729
9388
9939
9223
8227
4820
4067
5492
4328
6436
5542
4478
5514
9902
2025
1781
7961
4145
4589
9137
8416
974
3585
2403
40
8649
1398
382
5404
1059
5183
1094
1308
8198
3351
7096
9701
6224
1208
4138
1953
1715
8425
1988
5852
5004
8056
4655
4903
2307
8696
813
8048
8754
7980
7370
4913
2938
4997
2065
4887
2034
1960
1090
2198
3042
6292
8402
3132
79
7730
9971
9715
247
9309
6678
1723
3984
389
8654
1144
7947
8255
327
4359
8063
4159
6183
198
6292
7097
979
5541
4924
9491
7637
2968
1337
3631
5645
3038
2091
1944
2406
951
5304
9339
1611
2129
6961
8553
3385
1587
8387
569
6726
94
1627
8291
4066
6721
7198
1050
6957
972
4328
474
1466
4088
2002
6803
2722
2085
3082
5107
9708
5667
8894
5147
9547
821
4712
6715
6232
1202
6913
8432
1522
8910
5599
3951
6788
2601
8417
6770
150
6774
8893
546
4918
5023
5463
1029
3224
3223
6229
7579
2379
1168
1760
9924
1871
2462
4830
6452
6196
2252
5550
1193
388
1981
5715
6588
660
7094
4213
7958
8710
4986
3460
7222
2579
9141
8110
4256
439
318
2595
2663
2541
359
1688
2350
5197
3702
8329
6748
1748
3673
7826
6462
8691
1397
2831
6289
2538
3984
4818
3809
4950
9632
6917
5419
648
7107
609
986
6280
9216
5598
0
90
6206
1356
4898
7536
3172
3041
1226
8512
6161
8772
2871
5959
1229
2922
3319
8126
959
1967
72
5341
5648
1576
236
7565
7951
6822
9515
658
2215
1004
477
8232
47
1557
1064
2125
3184
7456
5382
8816
8780
6622
75
1417
4764
7086
5350
905
7467
8901
7990
1587
5490
2100
5871
3387
771
7653
8092
4877
8058
5239
3015
721
512
7978
8135
8062
8034
9644
426
9373
3426
9414
1523
1216
4508
1537
6389
7666
4092
2061
2593
1248
2526
2738
6700
3177
262
9976
7061
7170
241
7077
5013
157
7371
581
6120
9674
2930
8335
1131
1902
4827
5621
615
8436
3876
7612
8925
2978
4250
7693
2705
2653
2108
8395
1740
847
8415
9397
2253
5464
5940
7647
2976
8610
4919
3596
4354
8218
600
1839
7988
1436
543
5219
8382
317
6572
8998
1781
255
4189
2477
7104
4449
1572
3556
4647
2549
1128
262
3293
9079
1546
3196
6352
2538
8587
4457
430
6340
221
6357
3355
1853
6503
5223
5808
9332
4444
4505
3958
3459
2990
4599
2195
1589
6398
6136
9252
1588
1592
3953
5292
2567
2669
7862
3692
3404
3873
4866
7428
1922
4647
440
7000
6507
3161
315
4902
3808
4092
827
9095
7094
2563
9281
8805
9343
9587
8094
8492
5204
3063
2287
2691
4641
1365
5363
3725
8753
1872
5263
523
7004
1487
7762
3332
5902
2110
4981
1464
74
5796
7014
8241
6207
7653
2181
9851
8217
585
4813
8246
555
9933
1351
2650
8172
8904
2844
7050
6672
976
2058
4843
5017
9262
9881
1399
12
7775
9678
5085
5849
1820
7232
7084
1926
8605
5993
6512
8411
5290
8494
6267
4275
3890
8739
1656
5729
1311
1497
4444
8561
713
3161
2078
1857
4010
5174
424
4895
1874
3598
8078
3013
3645
5233
8719
3155
1361
3846
8218
1515
1580
1993
7715
9075
2222
8009
6149
6806
9986
3170
1322
3596
675
758
7705
5884
2685
5441
1504
5455
7265
7437
2082
1446
9197
963
8114
7646
6395
8675
8193
1587
8249
518
2389
3748
585
1458
1898
597
9385
4830
7741
2570
518
2999
7159
1315
1453
4834
5910
8834
1331
7858
6994
6885
2853
8412
415
928
8082
6618
7918
1307
4375
7165
265
4860
9163
8422
5695
7686
9341
5799
1164
5746
1034
4005
733
4828
1236
9856
4019
1026
8127
5799
966
7529
974
9462
8171
6305
8093
5313
2665
1353
4416
1845
7656
9525
3740
8669
2587
1119
7204
515
928
5005
312
7703
8678
2802
6632
9365
1918
8567
703
930
3173
8506
3598
3879
5809
8695
3702
3905
5961
3799
3115
664
6586
3703
1237
6238
5879
8106
4008
1307
2081
2769
2038
5687
7800
8538
8691
5639
9264
5767
3242
1660
6583
1873
8287
1016
2391
8028
2244
274
5127
7644
6127
1004
3718
1128
3100
6675
5435
5551
2767
7318
3238
2008
2733
6587
3163
6734
444
7775
1425
5788
2760
7901
7958
3845
3511
880
7157
311
2191
8268
5738
8817
8326
6442
4821
3315
9146
1490
9374
4516
2947
1118
8728
9002
4518
7772
6392
4549
1371
2757
1176
2333
1873
2764
4007
5870
4192
297
3988
4865
6543
6006
7163
173
3799
7369
8606
6157
6488
3700
4072
5763
459
7625
1982
573
6807
8114
9063
6072
168
9920
4862
9651
7725
6402
6309
789
2769
2281
1404
6017
9436
346
7026
9800
8618
7603
8426
5023
6141
7825
5234
4212
3198
1345
9377
6859
154
9685
4847
9550
7515
9258
7306
2532
4132
7704
6390
2833
2593
8361
8100
6943
9534
6878
3974
1642
2535
5006
9505
6898
3648
1584
1284
13
5510
7436
6392
1308
2406
8829
2905
159
7772
4809
5205
9083
6670
1524
2338
7002
6234
1793
1876
1363
6637
9931
447
9340
4518
8099
10
3774
155
2507
1669
6408
954
3411
8684
7910
2546
3393
6188
8307
1747
9574
9894
6253
9283
4223
498
6920
8243
7113
710
3542
3378
5337
9910
1765
5520
3290
4446
3721
2405
5784
2398
172
9538
1901
6549
1203
1320
7194
369
3027
5000
5065
7350
468
1516
3664
1006
372
9620
2280
7215
1055
2451
431
8547
3646
171
3803
3028
8125
7205
9184
4966
1170
3254
660
4922
4570
6143
2784
5984
278
6772
1754
956
5303
207
3681
9485
373
7813
7608
4186
7558
9385
8519
4637
7709
2320
750
7845
8913
9733
8139
7430
1728
542
9790
6148
3636
6191
9755
752
1253
8285
9696
7041
1038
565
5144
887
4100
2254
2991
749
1716
8077
1639
9181
5308
568
5898
2856
5790
5228
5121
3334
9409
9058
7284
9978
8408
1776
899
4489
2998
7212
5764
2733
2338
3399
6590
5654
5656
6055
1750
4512
1040
2485
8872
2506
7491
1657
5064
4966
75
8994
1337
13
2090
2907
718
8037
8366
6042
4975
9733
563
7674
5790
6407
1642
6811
9131
2479
537
9849
4021
9420
8050
9403
9730
4893
5001
9852
7488
5718
5328
7471
3964
5827
1189
5407
1092
2124
1838
9429
3320
2809
388
5773
9654
2776
9166
1739
4311
9389
5007
2410
595
6825
4115
1221
7996
5950
2741
330
1994
5761
6725
7163
7219
161
6745
1863
8989
8680
465
745
2166
3840
8607
6831
5124
6727
3975
3022
5177
4358
8419
4499
1850
5486
8378
3165
8960
3540
8082
5786
5294
1455
1683
1871
5747
7887
8494
8492
4579
8784
9198
1630
321
8432
2750
9847
5088
7789
8444
4491
1818
226
2588
1629
8816
4340
6063
522
3876
9320
4245
7059
6451
5495
2001
2065
1239
3204
7565
9028
1452
8157
5230
2092
7025
8753
5576
5804
321
130
7189
6652
1987
4250
1794
4686
9342
1426
171
9715
8273
433
5224
2511
2418
6290
8952
7210
1350
8569
3085
8120
17
2695
135
1132
5790
2460
4006
2136
5648
5325
6442
4536
474
1318
1710
4848
4700
2193
9781
1698
8111
5047
3635
1413
6963
8583
2654
675
8007
1925
2806
2401
6873
2933
499
9956
8863
1000
9119
5490
4853
2358
2980
8775
807
3501
4935
9737
2978
2264
4517
5790
1926
660
1788
5021
46
2831
9309
5890
3571
545
4177
7718
9902
1280
6218
8766
7229
2383
4459
4498
5768
2086
1354
5601
788
2200
3765
7891
151
6368
4547
4143
5917
7486
1693
6575
5675
5825
4589
9120
7442
7189
4341
6366
406
3087
3266
6128
3376
1798
4963
1472
4113
5541
4965
4078
5879
7070
4657
2597
2853
2177
6120
4509
6094
9533
3981
227
1282
7302
1316
9462
524
8408
1834
7091
2043
2811
5397
3444
8528
6535
5261
5172
3495
8394
2220
3334
1354
8792
6530
6359
1762
2002
3259
1936
1663
9066
4517
4881
1114
8870
4556
8843
6921
9011
425
3388
819
5083
6907
480
9876
4906
2452
1878
7107
958
375
865
8451
6301
9696
8128
5447
4492
8837
2609
569
4909
8859
3121
2844
2312
5453
7558
2240
4829
2504
2433
631
9176
938
4302
1654
7943
2253
6014
6029
952
1694
4231
2682
5094
4163
6074
5899
9542
7965
6
5028
1373
8425
2283
960
8516
2925
3201
6362
5487
2930
618
7726
9002
1180
4805
4060
6004
82
6756
3693
737
7290
6593
9993
8923
6868
2044
6392
3385
4603
440
8759
6563
2631
7847
7838
1316
7510
1731
2367
8864
716
3551
6242
8648
3560
253
6031
4940
1050
2497
1419
7313
8818
3941
3367
9795
4442
5406
3620
6892
6023
4127
5916
9606
2284
5582
8205
9181
1983
6404
375
6633
112
6056
2665
1307
1159
1742
8007
4389
9965
2539
110
7855
5710
2332
4523
3511
7678
3672
9401
3880
7274
276
7689
7887
7888
2166
7447
2458
5201
4380
938
5953
8453
6637
8604
5882
2064
7664
6395
2248
260
3707
4096
4179
6247
6191
1150
6894
4295
4643
2365
37
9483
1997
4007
5349
4107
6264
530
8897
9331
4579
1648
3313
1075
5782
8019
4846
2139
4779
4645
2972
7830
9274
1751
2742
6484
4
7976
7793
1709
1493
7336
5690
4322
9700
3534
8657
8070
221
7543
3658
9853
4289
8832
7921
243
5963
2758
6382
8864
8215
6635
6505
8267
3422
4876
1872
5789
3861
2929
2311
1496
7687
420
1343
1240
9392
3669
1034
8296
1131
6462
9310
7255
9166
4787
5544
9612
3333
9788
3315
1960
4860
3286
6585
8556
7857
4854
5608
6843
681
2672
3113
4929
4833
3911
6606
1300
5448
6086
9497
5769
9772
2078
3061
3642
9394
6081
207
5303
3258
5663
7572
2762
2738
1486
2434
5376
7962
959
7095
101
6215
910
8351
207
2060
2459
6796
574
6774
2887
3782
2866
6135
5377
3990
6125
3525
5250
4189
4826
7556
357
6794
383
2705
2395
2604
5103
8336
2045
4117
4867
1817
1780
7200
9690
9406
7526
804
1214
641
5985
184
7193
9427
4157
4121
7896
2944
3565
9099
927
2793
663
7725
1710
1218
7604
1136
8274
2797
7625
7401
990
6134
6455
2628
5435
1665
4001
8763
381
7153
492
3256
2217
842
1339
4584
5460
4633
9340
6496
4974
9219
1260
1748
5247
9259
8514
5862
2352
7144
9563
4011
3325
1718
2082
8628
9193
7308
9123
1612
9618
2014
5792
1341
9399
2483
7731
9449
328
2874
4085
37
797
3528
1950
5960
4506
8949
2494
101
4497
5321
2075
9492
8344
113
76
7448
4108
6790
2486
3229
9942
992
4469
1040
1597
1206
6493
1892
5628
3081
8049
6098
1926
4402
4883
1024
9080
5241
110
6501
8797
1560
33
188
7527
2303
2284
2359
8557
4249
1568
7670
3984
2687
6146
2745
1362
315
3136
2498
9497
7968
5752
7614
512
2504
7333
3317
6336
5918
4506
432
733
8237
7892
922
1203
3800
363
3194
6771
8572
6202
5329
2152
4067
6416
5103
8175
9562
6598
4794
6150
5845
449
242
1172
6642
7226
1086
9722
8827
6492
6587
1016
5248
2461
8391
243
180
1937
5273
982
2327
1340
2307
5398
9396
9607
7786
5675
683
9861
1413
347
626
1366
1733
8217
5912
6539
4452
3230
186
3914
2385
1751
3401
3973
3930
528
923
598
4939
4814
7297
9822
1047
3523
1306
1551
4259
7198
9094
9334
9627
161
3518
9229
2560
119
7553
671
9247
6933
6274
589
9032
272
8256
9473
3516
6784
7270
1442
9560
8820
7252
4071
6930
1334
2493
6815
6242
3008
4964
8241
6883
6975
6864
9039
4218
9511
791
7376
7638
5911
8970
4605
1528
7006
9054
1132
533
7053
4363
3836
297
6015
6872
4401
2751
9720
1254
1473
3710
298
2139
461
5270
7181
3074
1764
4764
1487
9602
6756
1970
1322
220
7250
5898
5910
4249
4541
1308
7151
1875
3118
6566
808
8355
3474
7636
111
1483
7563
5968
5955
916
2227
1515
8788
7387
1571
509
8073
8872
6804
4762
408
3103
4084
886
4034
4282
9339
2970
8972
3383
6126
1574
7302
4814
1843
3657
21
1606
1398
7808
1027
1880
2124
2523
7578
5107
7974
6022
2685
9938
5096
4871
2648
2459
6634
7331
6425
6042
3055
3894
4958
4221
2901
4018
3761
1345
9644
3063
1970
6717
8026
2277
723
5453
2158
4302
9882
5442
2611
2431
1202
1656
2632
4096
1907
7032
3470
8794
6755
95
3873
8792
5325
863
3290
9153
3681
2260
436
1670
4556
906
5695
6215
5482
7885
8386
5803
8105
9360
9699
815
9200
3794
7227
8878
1519
2863
3590
5394
1161
1763
4025
9786
1903
9844
7575
492
9183
1088
1829
3773
2461
4932
2460
255
9904
3566
7519
5082
5201
6198
9422
9887
8111
873
4587
296
9206
1590
267
2740
5474
2813
9166
1938
1534
531
3074
5339
2082
2267
